6.168303407910591396e-01
-1.253922157028692697e+00
-1.253491824371902430e+00
6.152392465939218180e-01
-7.755871684021346801e-02
-2.320138334039652805e-01
6.160005895985741775e-01
3.159461736203842963e-01
-3.354335918762864632e-01
3.327696311439296006e-01
3.472974820990865075e-01
3.373132262295957529e-01
3.363944203165343816e-01
1.659546750707757978e-01
3.341622260059081695e-01
6.159793701593535564e-01
4.421664309337839383e-01
2.382504167997032823e-02
-2.406572585176968426e-01
6.159440880677804486e-01
4.575297375345850626e-02
2.043675872017589046e-01
-5.973954565585794935e-02
-1.098078820703145136e-01
2.050044347894040275e-01
7.462750486006204664e-02
-1.107274276152803716e-01
8.760652545367118849e-02
8.265869450075585823e-02
1.945586885206595507e-01
-4.033096588923417575e-02
-9.411865141603371898e-02
1.951574666216690512e-01
3.041911038711039503e-02
-9.404640922067473985e-02
4.383229212789923473e-02
2.309148679633913903e-01
-6.062901589016029408e-02
-1.173388419227781726e-01
2.319184004499559582e-01
9.613719308146731479e-02
8.912791106489419135e-02
1.900920248572905147e-01
4.058548651231459470e-01
-7.376328395263522138e-03
-9.568966617934393515e-02
4.080976491556553287e-01
1.126383318732290945e-01
-2.167067161787582519e-01
1.241663505681229879e-01
5.238211857765705942e-02
2.157574730178858091e-01
3.375223402488541913e-01
7.916389199139923782e-01
-1.679668091271649677e-01
-2.892384393627857597e-01
7.989176644989640641e-01
6.542743360166940469e-01
5.706706141600125654e-02
-4.498317921773697242e-02
6.779782441213961786e-01
1.402980260791339973e-01
2.873333027780985982e-01
3.189789397637259327e-01
6.031556997475709947e-01
-5.162689161785366521e-01
8.224136126939222968e-03
6.092155376547069290e-01
6.116324882354711168e-01
1.611552110628154677e-01
4.318114143233348079e-01
-1.189734877101358834e-01
-2.161566201689983369e-01
4.315918474069768140e-01
1.225368929956230368e-01
2.607717164514109995e-02
-7.044108689424358194e-02
1.224743240554951595e-01
6.692474603090962926e-02
1.846517860226215557e-02
5.755853863032504153e-02
8.060348464899383392e-02
-2.262232022462202230e-01
6.349783032857977960e-02
2.362195909936470328e-01
4.118317454233148822e-02
-3.378556911853256711e-02
2.368574481306856272e-01
9.279628656349785121e-02
5.249506569564969978e-03
1.061453823849685223e-02
8.398335596507471024e-02
7.708389633725713785e-02
1.878978076717735795e-03
-1.762721049910594834e-02
3.159886065893845880e-02
-1.958334853131897257e-01
2.369486681032189623e-01
9.388806024532198036e-02
1.771200138922728387e-02
-2.358309979963840383e-02
9.404425547986824951e-02
2.617027819166952221e-02
5.249506569564971713e-03
5.249506569572529036e-03
2.071608222164067828e-02
1.921692707727313751e-02
-6.212473619404578450e-03
-6.286344967104870278e-03
1.012555096767271505e-02
-7.999602390583547551e-02
2.650818329118351940e-02
7.290265355655051183e-02
1.760867792827884928e-02
8.332310649978460050e-04
7.353136281960132026e-02
3.376605933395548931e-02
5.249506569564975182e-03
5.035100686837456520e-03
3.384846581756197070e-02
2.413886740089211946e-02
5.418454987656468394e-03
1.122129027213707338e-02
1.827038340981696624e-02
-3.808193740546865491e-02
2.371328390993227286e-01
2.361731553200868972e-01
2.372605198485453204e-01
2.368139897688752438e-01
2.412068059635736894e-01
2.374839261941391888e-01
2.369429302982638263e-01
6.342767488223539918e-02
2.564939353636521216e-02
1.113462780715180483e-02
-2.559821324409435397e-03
-1.943590926510960909e-02
2.482133426134139620e-01
2.071146338416290922e-02
-3.716571170205314190e-02
2.485427554371637537e-01
7.957200031019728836e-02
0.000000000000000000e+00
-9.486481941182678401e-03
7.236157254122535520e-02
7.623328960183628489e-02
-2.617626655074772185e-02
-3.558229326762511746e-02
2.596337360108436770e-02
-1.563332039599479306e-01
1.752543132877701360e-01
2.281089244815101211e-02
-2.565326595391943104e-02
1.758170169560163698e-01
7.344185815590008326e-02
-8.823894529553092878e-03
-4.305203001187689338e-02
7.459622903874367494e-02
1.783746762677116682e-01
3.162274058370563579e-02
-7.546975843922843104e-03
1.792758774862622251e-01
6.788096804714073562e-02
6.773755916880150330e-02
6.670049544497776151e-02
6.700910695906808767e-02
6.638161346263163343e-02
6.736078647166673927e-02
6.700045856444337977e-02
6.729631232683053188e-02
6.721619585958264753e-02
6.696741811071715844e-02
6.711353580673376507e-02
-2.801191370532887109e-02
-1.437727219863861074e-02
-1.539145754370453180e-02
-6.847149282082383437e-02
-6.847149282082383437e-02
7.194044869049802393e-02
7.958956281522366893e-02
-5.114388528640671089e-02
-6.844738890772307516e-02
7.166313563144713350e-02
-4.654538475589209412e-02
0.000000000000000000e+00
-3.351142529571901618e-02
-5.301658636787627554e-02
-2.922428230561616505e-02
-2.379608498043498874e-02
-3.932604416989571999e-02
-3.079257548431197158e-02
-2.887954074083751502e-02
1.830407328660709765e-01
1.753147600802816286e-01
1.772921504547290694e-01
1.773158367604798225e-01
1.362598030315080866e-01
1.361393729814087961e-01
1.362135491084756067e-01
1.360334075446460733e-01
1.359589703396498483e-01
1.372332001191307327e-01
1.362437752895019061e-01
1.362822418513044975e-01
1.367695872008965474e-01
1.360011613386281626e-01
1.360084534401598266e-01
1.359008431679682438e-01
1.359862710861562685e-01
1.359503516663813083e-01
1.359890439280203589e-01
1.359724066732712067e-01
1.364386638938869523e-01
1.361359030541044179e-01
1.793215532912978971e-01
3.558868398088248924e-02
1.160697887823143072e-02
2.860504104156786319e-03
-2.100547012109347730e-03
-8.906155337847714015e-03
1.902618792935875658e-01
1.946331855023751278e-01
-2.910274781185654552e-02
-7.203330751067504867e-02
1.899158423646103988e-01
5.980442540468493967e-02
0.000000000000000000e+00
-2.741675795225982995e-02
5.403959054238541976e-02
4.901892557324554617e-02
1.315072263593208488e-02
-3.144201164697261585e-03
1.073029156089110453e-01
5.253428781050810056e-03
2.052620898870291186e-02
1.208058902617654556e-01
2.902300525875393944e-02
0.000000000000000000e+00
2.380569371660895550e-03
5.059342326957838587e-02
2.433406012797900350e-02
4.936841157259923979e-02
5.997891877020392060e-02
1.830302420480841019e-01
1.846656106917836937e-01
1.833620978435320514e-01
1.836898810852826691e-01
6.631964514036770009e-02
6.647033628383601511e-02
6.634986705692930142e-02
6.729197953404800203e-02
6.645234289434295838e-02
6.634417089400944378e-02
6.637264848868644485e-02
6.631964514036770009e-02
6.637094032961896040e-02
6.635556289790098261e-02
6.713289590225826609e-02
6.634417089400944378e-02
6.637499502306745680e-02
1.842366466316990858e-01
2.544890539158365175e-02
4.252477817330787419e-03
-9.755398002671347712e-04
-1.804887048691750651e-01
-1.804887048691750651e-01
1.872730156413028868e-01
1.861537306927243396e-01
1.548000272500029556e-02
-2.193316121526633564e-02
1.870653926700037162e-01
7.192639165538446122e-02
0.000000000000000000e+00
1.519120230907368418e-03
6.817606197293839265e-02
5.930335196404423054e-02
1.402461204124150033e-02
-1.604915045446411032e-02
1.621150545096545770e-01
1.631939585150841698e-01
1.629829515549875152e-01
1.629829101999287488e-01
1.674931140983495353e-02
1.790711178046666685e-02
1.742503409674902790e-02
1.651952016991940775e-02
1.665988862799597237e-02
1.680283562437012365e-02
1.657019435171085825e-02
1.650153431688033620e-02
1.653749506854857582e-02
1.667779483727857559e-02
1.655222273310820100e-02
1.658815502677709122e-02
1.643784063172681609e-01
7.528693683670667491e-02
3.479926425908970444e-02
9.364743795758632625e-03
5.208403931737616219e-03
3.408533200721665466e-03
1.676737526016621183e-01
1.687836562969875220e-01
1.422848871858134641e-02
-2.693434071771444102e-02
1.676238324034906857e-01
6.591528586703809811e-02
0.000000000000000000e+00
4.351463737849263209e-04
6.124012996875557308e-02
5.386192772855971644e-02
1.394681568747924150e-02
-8.782329256832173761e-03
1.086285036228145928e-01
2.171684239833722094e-02
-1.505562125864886268e-02
1.066210508926727502e-01
3.808464943752824100e-02
0.000000000000000000e+00
9.092662666026514809e-03
3.455617538672314110e-02
2.655843847500152441e-02
5.980729168199577263e-03
2.052155771762728762e-03
5.296103343336609759e-02
5.155142958510161577e-02
5.215246278055880175e-02
5.576804842404334273e-02
1.972589897223384764e-02
1.950588634612027833e-02
1.950588634612027833e-02
1.960519523573581516e-02
1.968248787491248819e-02
2.001334799682626120e-02
1.976529121846012232e-02
1.964154008801889673e-02
5.620048632736041050e-02
2.302992221368004716e-02
1.257535927571483761e-02
-4.808271559068574841e-02
-4.808271559068574841e-02
-4.808271559068574841e-02
6.371204838048385999e-02
6.372430246345092697e-02
-8.696567671050845633e-03
-2.525341307415518433e-02
6.372003702690830218e-02
8.473747497171769255e-03
0.000000000000000000e+00
-8.372499021457964138e-03
8.078341429292123718e-03
8.624244424433935574e-03
1.972735511361013196e-03
-7.182667403757910136e-03
5.863306556947284198e-01
1.377437450162602092e-02
1.278913704340199457e-02
3.850752201993357660e-01
1.589193604109605945e-02
1.608978371104557992e-02
2.159263986982644656e-01
-9.092662666025633569e-03
2.148045904154341768e-01
2.160402560806496952e-01
2.131307537732632928e-01
1.641567854507773941e-02
1.655012420470265352e-02
1.784826377273354414e-01
1.507629887560997875e-02
1.164128248292427108e-02
1.885110598049765107e-01
1.210633071891003242e-02
1.430430666451461101e-02
8.078854927758585269e-01
2.898551870422888532e-02
2.740745555888765561e-02
4.081911728830389108e-01
1.901976422731377347e-02
1.841726625335840875e-02
2.348795336318044713e-01
-8.534652729581398978e-03
-9.256090832568196480e-03
9.371788662573099504e-02
-3.004474343681760602e-03
-3.768096395726156130e-03
7.209051473641751862e-02
2.366300745129970920e-02
2.366300745129970920e-02
2.433869721007660136e-01
6.038431226520281359e-02
5.858598164429443950e-02
1.734119836515720381e-01
3.693672592401758825e-02
3.547279916140300138e-02
7.357883953471104632e-02
3.015883230705613746e-02
3.031497997766870872e-02
1.768196470191890912e-01
3.172106871363759156e-02
3.055027273103188071e-02
6.509494604935396611e-02
2.878844214819737887e-02
2.878167668704497903e-02
1.803166292514951086e-01
7.388737045833111694e-02
6.631293063245069508e-02
1.048918129727414161e-01
4.136252142783602981e-02
3.839989712398241689e-02
1.820165222687963602e-01
3.616457099033293376e-02
3.461963178978431227e-02
1.634325477126238879e-01
3.802805080138360605e-02
3.822189331844485366e-02
1.052773935424067830e-01
2.361728797161002924e-02
2.498245043050038514e-02
6.093866769492251728e-02
3.244066984938331899e-02
3.231690731021745477e-02
6.542230843966903020e-01
6.827674160702962292e-01
6.829572710544639103e-01
1.206763033452982886e-01
1.340812959064325571e-01
1.343177568776292297e-01
9.324572742899010780e-02
9.433981062176909071e-02
9.427433370203017193e-02
2.617632978691686318e-02
2.688565989636219553e-02
2.684104800305759861e-02
3.367391284066308110e-02
2.428138643775809569e-02
2.428138643775809569e-02
7.788387271843405513e-02
6.016796472239872157e-02
6.038590309079766572e-02
-4.894827461148893583e-02
-5.496251611042033552e-02
-5.456552036461802258e-02
5.345999144763735611e-02
3.976925154736124512e-02
4.052398366846282629e-02
2.375494305706650489e-02
8.121971381915176966e-03
8.090457135956250281e-03
7.172912450397335438e-02
6.537548339156361299e-02
6.536361415949476505e-02
6.396508466817307781e-02
5.548593204086544467e-02
5.590581914033369154e-02
3.489187487722500425e-02
2.762369045486844088e-02
2.829121602792338333e-02
6.725584585784061611e-03
-1.270445422601667110e-02
-1.254165578162631974e-02
3.140908430030933673e-01
3.472832097046512634e-01
3.473293352575293480e-01
1.103807997409732011e-01
1.296678559066698766e-01
1.298190941599994819e-01
2.980833805947948750e-02
4.284496935041598453e-02
4.297909084218450027e-02
7.465600195552321572e-02
8.695158077692935472e-02
8.704723766251337702e-02
6.024605269862161050e-01
6.232060867619100275e-01
6.234375014557990147e-01
6.120622071130695785e-01
6.233656055387328809e-01
6.236124302363066363e-01
7.908940827053309586e-02
1.053961380990954683e-01
1.055388434733262465e-01
3.274107013413997402e-02
5.287469736400440823e-02
5.273589279252419160e-02
1.023032908957490980e-02
2.002743620535356317e-02
1.996941293863158801e-02
1.658962143801940431e-02
7.515384160363368371e-03
7.515384160363368371e-03
2.046241318941672757e-02
5.936673556309164483e-03
6.194336566489706646e-03
-3.646672448475438838e-02
-3.967340625059608689e-02
-3.928521715639478329e-02
6.162798334323856819e-01
6.169937672839933551e-01
6.172305772356562192e-01
5.908230499925752888e-01
4.460953411737602625e-01
4.471680642505354575e-01
4.475806073882848679e-01
4.410764648647493846e-01
4.084062540538918595e-01
4.088442540969978722e-01
4.092229872950467473e-01
3.875844967479561975e-01
2.324165995981717914e-01
2.319502635275757507e-01
2.330084371222078954e-01
2.150767566519289908e-01
1.956821186933364598e-01
1.955327275074050519e-01
1.960966175889458374e-01
1.844777262104030646e-01
2.055180123273755155e-01
2.052862508499772864e-01
2.060381813346084667e-01
1.894163491020701418e-01
7.955004939385991181e-01
7.974056906570882175e-01
7.978026838284072442e-01
7.265139707603384123e-01
4.323273760341425076e-01
4.328044453184922702e-01
4.333731811921328614e-01
3.999182812528870312e-01
2.368753281637308861e-01
2.367985752123605292e-01
2.369622483005192626e-01
2.341419738860187616e-01
9.403858296940661998e-02
9.384664129378784969e-02
9.405982869967574600e-02
9.354881922963528829e-02
7.304604736520318997e-02
6.673390237573825767e-02
7.308181376233041648e-02
6.310330891894185001e-02
2.476637740775413654e-01
2.375561668906535084e-01
2.478967876090800715e-01
2.256064271349112749e-01
1.754502746608374575e-01
1.713961311664204679e-01
1.755347214468298556e-01
1.660965023970729648e-01
7.388565414576474255e-02
6.625231146281296279e-02
7.393216222854955000e-02
6.222241847054009456e-02
1.789161832823292775e-01
1.747540076410798726e-01
1.790646199770609681e-01
1.679180177581977296e-01
7.089681754423386717e-02
6.993589828213159221e-02
7.161011243542203530e-02
5.890159107025663004e-02
1.882736235201597497e-01
1.792288208244355308e-01
1.891936779896016274e-01
1.604893957184220510e-01
1.076962051978641310e-01
9.686410490795217820e-02
1.078529273685048667e-01
8.964881646112300706e-02
1.863311173768398277e-01
1.819095690754921890e-01
1.866574356181233407e-01
1.719441499101868331e-01
1.670323878807578322e-01
1.623806075032313001e-01
1.672658447883736688e-01
1.541752370680261885e-01
1.061296153139285880e-01
1.038562055712013432e-01
1.062121797233072928e-01
1.012499101879702768e-01
6.270318921562370584e-02
5.140950447945537294e-02
6.295449353678915505e-02
4.445230114189458598e-02
-6.168303407910591396e-01
-3.561184530770212797e-01
-3.470121042558747537e-01
-4.090534609466677241e-01
-1.864931579721774146e-01
-1.294858687366817751e-01
-2.159263986982648820e-01
-5.845087367534170658e-02
-2.328293105334939550e-01
-8.519447620757104878e-02
-9.671106063042383960e-02
-1.959644387174939162e-01
-4.675722247424748956e-02
-4.383344865590210054e-02
-2.058902530827708133e-01
-7.884761036580270610e-02
-8.804992430132257963e-02
-6.441508356436638216e-01
-3.812092382419446923e-01
-3.701931522167702937e-01
-7.970053827897191079e-01
-6.797003620376689259e-01
-6.234681275735033390e-01
-4.330415540478371184e-01
-1.314477835160783870e-01
-1.055063187198219121e-01
-2.369447109589471467e-01
-9.424136308595794376e-02
-5.257814582476929427e-02
-9.405874885634010751e-02
-2.705748979756638153e-02
-2.033517457846038476e-02
-7.307567629941638665e-02
-3.499597490120164023e-02
-2.271132589527288109e-02
-2.478377860764763019e-01
-7.898654048456225929e-02
-4.246095118698743620e-02
-1.755036636582703591e-01
-3.980422229072785867e-02
-1.233767860404403477e-02
-7.391610517386862367e-02
-2.558235000947383080e-03
-5.249506569572598425e-03
-1.790475922360132977e-01
-6.956169047022282836e-02
-4.031564448806040923e-02
-7.145094281245138734e-02
4.928207663813782141e-02
2.778759031004356811e-02
-1.891010191914476724e-01
-5.531319850256440768e-02
-3.258409522353646753e-02
-1.078399347572126799e-01
-2.486716026313338240e-02
-8.785628320832935059e-03
-1.866205744703612890e-01
-7.289206323068393722e-02
-3.715766944221959855e-02
-1.672205476544481317e-01
-6.495663982230195921e-02
-4.194080748246472451e-02
-1.749598041150770555e-01
-6.883973789522741804e-02
-4.307735620968040219e-02
-1.061982229698420072e-01
-3.611581121629679064e-02
-2.600136646569713855e-02
-1.189595725705705626e-01
-4.259120871682399445e-02
-2.660509181311958293e-02
-6.289278531894690327e-02
-7.570170708398944737e-03
4.395327603985314975e-03
-2.412088510828136745e-01
-8.111415074280770021e-02
-5.041915324130852999e-02
2.403119781065965743e-01
2.413367225955221074e-01
-2.442020056619569612e-01
-8.198972077601665576e-02
-5.075008387985630726e-02
-4.157938550609264206e-01
-1.273516814795752627e-01
-1.067772500922120477e-01
4.146085623680038079e-01
4.162156732144400850e-01
-2.340744560629355320e-01
-8.300796217086105211e-02
-8.559750868989166039e-02
-2.842415826333395401e-01
-9.004514162059421012e-02
-6.039107800466808618e-02
2.831370314469139893e-01
2.844555230809839297e-01
-4.471640197657650306e-01
-2.807279381768386650e-01
-3.317139762030831274e-01
-2.645332352955491739e-01
5.682018610997285890e-01
-3.910090926160861291e-01
-2.041022499185313754e-01
5.555099160309215911e-01
-6.669769648159735720e-01
-6.007284238451102709e-01
-6.856663175556437784e-01
6.007284238451102709e-01
-7.855176996282248192e-02
-9.111318112761893073e-02
-1.878804089642173714e-01
-7.213191976782075410e-02
2.301120704008056267e-02
1.353868191521186322e-02
2.671062367729961154e-02
-2.950924375972931168e-02
2.135103205247007932e-03
1.767000564511133926e-03
-1.243574033273846247e-01
3.122585239740394841e-02
-1.514148781076630687e-02
-1.136364624336400758e-01
-1.530631516799942082e-01
-1.918870468754273750e-01
-9.120564236099333588e-02
-4.567363803076058409e-02
-5.120933523154575645e-02
-2.572537889441078515e-02
-1.424737067532758431e-02
-1.386516161258668223e-01
-6.337141259203021848e-02
-7.243898019049799242e-02
-2.907546731228841455e-02
-2.033517457846038476e-02
6.350873896689491691e-03
-1.389003725293143886e-02
3.175174410668222310e-03
-1.484927906412043461e-02
-7.424025680283773652e-03
-7.722049670971981028e-02
-4.536196552023921691e-02
-1.359650346119705699e-01
-1.208261403721483801e-01
-1.607608995229288518e-01
-1.979396875232645736e-01
-7.924925842223748407e-02
-1.048296059537904834e-01
-1.641911109904762300e-01
-1.292196079170805367e-01
-6.739710126402716737e-03
-2.944822088417018563e-02
-1.049944715304089102e-02
-7.154840904417832104e-02
-2.462949596683261869e-02
-9.092662666026637974e-03
-1.484927906412043461e-02
-6.739710126402721074e-03
-1.646420046417000280e-02
-1.173890054098531907e-02
-6.694793729168578567e-02
-9.092662666026637974e-03
-1.893050732414069265e-02
-9.592302183080306244e-02
-1.836443503057973159e-01
-1.563859063117136947e-02
-8.833504292239184597e-02
-1.061982229698420072e-01
-8.676334487110116955e-02
-1.116895023292830552e-01
-1.741304307502877791e-02
-4.563040427838110230e-02
-3.568968498217215540e-02
3.175174410668222310e-03
-1.285949846062087176e-02
-1.964537427820271104e-02
-5.249506569572599292e-03
9.739819412268620538e-03
-4.383327820221100905e-04
-1.389003725293143886e-02
0.000000000000000000e+00
-7.424025680283773652e-03
-9.274441162287402896e-02
-1.183756209835621492e-01
-5.249506569572599292e-03
-1.106209720508543326e-01
-5.818738165506546350e-02
-3.491505020489057975e-02
-2.182614323833120470e-02
-1.484927906412043461e-02
3.175174410668227948e-03
3.175174410668225779e-03
-8.224136126939410318e-03
-1.350615502658946906e-02
-2.507815088137657633e-02
-1.660245631588713050e-02
-1.256882463384850074e-02
-3.308067165809196186e-02
-2.432451721862114585e-02
-3.562478236274756876e-02
4.931249855529103443e-01
3.818949354584386113e-01
5.006252382630531628e-01
5.727062748915380253e-01
5.509897095419882262e-01
3.095299813868218064e-01
5.179657064078728723e-01
9.829288529946250685e-02
9.200147153605066352e-02
7.736493471006558598e-02
-4.521620559278183987e-02
6.179020919331269790e-02
2.415982996513167391e-01
5.334930220137620305e-01
6.952582915286527332e-02
5.106302071062353981e-02
4.084731097166085373e-02
-2.611543348220145971e-02
2.706289789185948869e-01
-3.291440766169239640e-01
-2.580655307420496314e-01
-3.128341799743870610e-01
4.000263307553742487e-01
5.621658183995439373e-01
2.690261305335852615e-01
3.968116932617709591e-01
1.238506168393366108e-01
3.086783510596466384e-01
1.218027559703964424e-01
1.999225925283672212e-01
3.046309150188506454e-01
5.948412216235676730e-01
2.221493161513364012e-01
3.675283390510157289e-01
1.089348531028401235e-01
1.825692883652108855e-01
4.550256324977113020e-02
6.566913203313413938e-02
2.863645523581809238e-02
5.386117689431682565e-02
1.195601180621373993e-01
2.089688002427535496e-01
1.003602006600121804e-01
1.523471571723526430e-01
4.937649849346153336e-02
6.558756581945753006e-02
6.858562190687940430e-02
1.417626514223196688e-01
8.230699519126428651e-03
4.920484952502123671e-02
2.961177668607184801e-02
1.226491706415598071e-01
4.932763996972793635e-02
8.677486551004981452e-02
6.904030480559798788e-02
1.305345389987541127e-01
7.869609778589341242e-02
1.375534012817511698e-01
6.255962704834400201e-02
8.949075385715542230e-02
1.820804116803391090e-02
4.070442883592937516e-02
5.177501394291062625e-02
1.590336115564449093e-01
1.765818035398515062e-01
3.333075773886898796e-01
6.983223761503158655e-02
1.981309875081709582e-01
6.170425937403650751e-01
4.054041753463592523e-01
9.403204281343325449e-03
0.000000000000000000e+00
2.061199525774556618e-01
1.823253796176599884e-01
5.249506569564969978e-03
0.000000000000000000e+00
1.962656217842630446e-01
1.925909153347623304e-01
5.461345732700668629e-03
0.000000000000000000e+00
4.091566469509388404e-01
3.737585179979797667e-01
-3.230623324557942329e-03
0.000000000000000000e+00
2.157914422460487647e-01
7.996324050652806603e-01
-1.327729636899991489e-02
0.000000000000000000e+00
6.557268996974181530e-01
6.847023814700265998e-01
1.487621181161281336e-01
3.501152203237449245e-01
3.843114433388468698e-01
4.318777763529203506e-01
6.238410576298338700e-03
0.000000000000000000e+00
1.245286177642541542e-01
1.349965866422090377e-01
6.936576623088878957e-02
5.823461810561171570e-02
8.818217176629537801e-02
2.366921902543780154e-01
5.681520130771518413e-03
0.000000000000000000e+00
9.371948997828619121e-02
9.409460117697100723e-02
7.856761081736120256e-02
3.919701912787999093e-02
3.216254329797021277e-02
9.377808018980733629e-02
5.465701963281944555e-03
0.000000000000000000e+00
2.675826380606216928e-02
2.707217209632908558e-02
2.005763696240362229e-02
1.284875230499256220e-02
1.285610342053270135e-02
7.303631701222672301e-02
0.000000000000000000e+00
0.000000000000000000e+00
3.405364495448554712e-02
3.603926174136105193e-02
2.446608303789644251e-02
1.650148744268375295e-02
1.865062175699903207e-02
2.490041316919500702e-01
-9.152844579457183882e-03
0.000000000000000000e+00
8.035722502952090396e-02
7.536819353998290560e-02
7.241632078219020774e-02
1.398361246122752609e-02
1.960901865291397872e-02
1.579496465560817631e-01
7.046054585278718752e-02
1.491235741647135293e-01
7.363449535246464894e-02
-2.041879785362767791e-02
0.000000000000000000e+00
-4.584435083067964212e-02
-4.720923476913684719e-02
-2.902396919398938374e-02
-2.321608386323040230e-02
-3.889811958593093061e-02
1.861584717391564225e-01
2.668695212054944901e-04
0.000000000000000000e+00
5.622915546879413140e-02
4.870477143025268157e-02
2.610645052998984347e-02
1.732342099488083653e-02
1.081688133013277431e-01
2.786863514343904114e-02
2.110110449824327897e-02
1.376034790157141391e-02
1.151974262991712662e-02
1.867040581614884676e-01
-3.093988698152637471e-03
0.000000000000000000e+00
7.349208593952556712e-02
6.006700875473680590e-02
3.658259058267091662e-02
1.829348884907480016e-02
1.476073736694434035e-01
-1.251563405728360438e-02
0.000000000000000000e+00
5.821451027260547001e-02
5.178249650767694640e-02
2.925530348768673461e-02
8.636358153126489148e-03
1.083693479975418456e-01
3.893387649993582111e-02
2.731261055332972684e-02
2.155721910520382728e-02
1.724647147288589297e-02
6.199747336310353074e-02
-8.215997101897952806e-03
0.000000000000000000e+00
5.259189428917896911e-03
3.152833970440956177e-03
6.293932593436418407e-03
-2.121197895695556800e-03
7.354237521420586843e-02
4.667602134630443461e-02
7.355487862018487977e-02
6.142729045600411886e-02
7.377535698902552841e-02
-3.610977382471836084e-02
-3.553743793235426135e-02
-3.658669734248041344e-02
-3.658669734248041344e-02
-6.566427894678335264e-02
5.363427978742960067e-02
1.069928015008110717e-01
3.589709923687987858e-02
-9.918211662073839197e-02
5.469462587062341036e-02
5.485980701739832932e-02
-1.848688183755482078e-02
7.648593738400029374e-02
6.750045155571147981e-02
1.464577212444807992e-02
6.603828270135071732e-02
9.082505540942016273e-03
-4.707196943244195547e-02
2.170686262096924862e-02
4.383327820219809620e-04
-8.851803628355952441e-03
2.105797981410607173e-02
-6.234296642044499098e-02
-6.814311371053689836e-02
1.432498892244501998e-01
-9.948850444340103308e-03
2.370066968415723563e-01
2.207273939086778006e-02
2.177771453068583565e-02
4.773280282532092744e-02
2.875318690469461091e-02
1.866028060713069425e-02
1.376857012994997173e-02
8.918266859794075560e-03
7.173393446680141616e-02
7.172681263444503907e-02
7.171765309047077597e-02
7.172798539587135758e-02
7.036683707470134386e-02
4.911489679210655906e-02
4.271161205604010608e-02
1.972322032588232077e-02
3.477388311505533181e-02
5.194769177537499755e-02
2.440874352375389800e-02
4.050616922479747389e-02
3.427340724570990260e-02
1.566351484963152407e-01
8.312402332804141869e-02
8.821282458649473690e-02
1.599451978979431373e-03
6.807081197044715162e-03
1.447964507940566019e-02
6.241685320598793461e-03
4.539831675146753856e-03
5.525015561046902821e-03
6.273564646555246371e-02
5.916508153991796581e-02
1.269289907078252067e-01
1.680415809755530232e-01
3.430140002352412981e-02
6.903341049930773743e-02
1.754251351171102480e-01
3.576439644353777980e-02
6.963496204151747859e-02
-7.078306256322665357e-02
-7.136904645214282861e-02
-5.409710190213546516e-02
-4.712080020657044566e-02
-4.729772383137279684e-02
-4.930387485134445080e-02
-4.103389454182648083e-02
-4.364659033819474204e-02
-4.748852427865950937e-02
-6.146788679235502817e-02
-1.565432471346693555e-01
-7.766116076989863781e-02
-4.262877703886366193e-02
-8.302607807863048028e-02
-3.041515042276967187e-02
-7.693897244659895530e-03
-8.810181502417455124e-02
-3.983512781399052051e-03
-9.088856472820190310e-03
-3.078097343142999903e-02
3.175174410668227948e-03
9.739819412268608395e-03
-6.076487010278025513e-02
-2.494850854016067779e-02
-4.383327820221056452e-04
-1.262301916344486796e-01
-1.999390550612923853e-02
-1.075326310452293273e-02
-5.843277574576937611e-02
-1.534337424805096335e-02
-2.558235000947383948e-03
5.985708968940386954e-02
5.257844031981739191e-02
5.022201840158322522e-02
1.359113405192845236e-01
1.307061547618699193e-01
5.969229214070333883e-02
6.895951310710091153e-02
4.592279922367556444e-02
4.913834019445598167e-02
4.168430109708386871e-02
5.534028344395228866e-02
-2.397635689429348377e-02
2.998437808739392446e-02
-2.153547743144564736e-02
-2.559523738510413940e-02
-1.440504986025215386e-02
2.031934982971816961e-02
1.220379157364782224e-01
8.586250172815657056e-02
8.920682002661982704e-03
1.912330508185882127e-01
-7.583651739698504812e-02
-2.775905886965895908e-02
3.217333835257905200e-02
-1.610049214504205850e-01
-1.000365863421141532e-01
-1.949195754934570923e-01
-1.417705935008752582e-01
-2.093403365733082777e-01
-1.791426887969781168e-01
-4.980662141331112375e-02
-4.182093195831790289e-02
-7.760696336737812895e-02
-3.169183882169043093e-02
-4.332531400842538558e-03
-1.584928689553644771e-02
-5.060084183096427712e-02
-1.320733553901816230e-02
5.741055910265408652e-02
2.568101786146471666e-01
-1.024465266720811646e-01
-1.568328165789646400e-01
2.568876820987764376e-01
-3.554890877324910770e-02
5.604499924634830793e-02
-7.430974072510579918e-03
1.507166665916199848e-02
-6.797008830864873646e-03
1.267282900219714181e-02
1.245842919603273868e-01
1.166853852123871382e-01
-2.942715443231389005e-02
-3.614223949457269491e-03
3.330426714543421318e-01
3.331679291981030078e-01
3.336574641325727453e-01
3.343998905527056364e-01
3.344062995730924248e-01
3.345412113118657604e-01
3.202676338081476004e-01
3.335074919338641974e-01
3.339013132278597085e-01
3.333294661642871581e-01
3.335583041612805721e-01
3.330610638413915581e-01
3.336529608534002378e-01
3.336300523126783935e-01
3.333211618491400130e-01
3.335884809816974661e-01
3.339155496900177988e-01
3.338123448874490973e-01
3.337668481964897738e-01
3.344788318640297131e-01
6.623526424960852754e-01
5.589051782638687627e-01
6.611418001010163081e-01
2.612229881889087113e-01
6.623653338076377350e-01
6.048481344793034120e-01
6.619370802689874544e-01
1.828591269675072795e-01
5.238565535329648970e-01
3.045247764103978794e-01
-1.202291350115368557e-01
6.621568221821181321e-01
-5.003031804800767840e-02
6.372916101447074766e-01
-1.978345120103517929e-01
6.621669611220522000e-01
6.621882168496230348e-01
6.624099008850362624e-01
6.623705281351118801e-01
6.622138514038347079e-01
-1.145473797988154491e-01
1.071797352916356583e-01
7.212792489637689930e-02
1.075114531322144407e-01
2.544399923454826462e-02
1.073185916259289385e-01
1.033907874433757090e-01
1.074943128477699184e-01
2.411357060916629810e-02
1.076195914403951376e-01
-4.611419412685719560e-02
1.036597517304475996e-01
-1.281705943408635029e-01
1.072913302650944922e-01
1.073760115659151138e-01
1.073606556774512333e-01
1.072229407338762819e-01
1.072574539021921014e-01
-1.168715718312104412e-01
8.481732437610060849e-02
7.790030844042432345e-02
8.484584460238744907e-02
2.084853461503073310e-02
8.482962319613128466e-02
7.740639466935402002e-02
8.483252894541969125e-02
3.333481173402475656e-02
6.231654309660219354e-02
5.213382029067076262e-02
-1.818555739970071500e-02
-2.948305675917472016e-02
8.464883527628841442e-02
-2.295364966950347654e-02
8.139941782994739028e-02
-7.869827021795561262e-02
8.540498585255545949e-02
8.539869702090872872e-02
8.482058195372053910e-02
8.480509355069887345e-02
8.481765777281834173e-02
-2.838280802820318180e-02
3.602198466311423014e-02
1.251137716385807182e-02
3.598941095675797092e-02
2.802909738521438751e-02
3.599989516899140818e-02
1.676370459924763148e-02
3.600833275146746171e-02
3.446522241453391089e-02
2.456575610660917397e-02
3.541672476756337756e-02
3.033262450004997265e-02
3.601909282122040673e-02
2.979554207678024660e-02
2.147087905470404165e-02
-7.514501589934019857e-03
3.600569149689122894e-02
3.600898246269083197e-02
3.561977598728297695e-02
3.597588564842273129e-02
3.600424189117423096e-02
2.890507315564094445e-02
3.420791194544137159e-02
7.644301944395254234e-02
7.055446689421662754e-02
7.598724242872555157e-02
1.165288239093895464e-02
7.643996866401242540e-02
7.136506192668064241e-02
7.635689009410005779e-02
-4.451212501474779634e-04
7.654382222557526427e-02
-3.338880269996798850e-02
7.466377841220904477e-02
-9.749304196361144315e-02
7.610476764753350276e-02
7.596157956456821292e-02
7.613022367007260538e-02
7.613421997539251973e-02
7.614727194742318406e-02
-5.072407990789837978e-02
-5.306215186570706344e-02
-5.046830630045957833e-02
-5.146091191173582380e-02
-2.945410797496955668e-02
-5.251560213839168850e-02
-5.010361915937213556e-02
-5.268331285936775354e-02
-6.060925329453659138e-02
-5.199926247930811152e-02
-1.942736250059919415e-02
-5.125920971014573391e-02
-8.194654364894094975e-03
-5.198538719821463316e-02
-5.196991304163392500e-02
-5.306215186570707038e-02
-5.304722127170214546e-02
-5.252642791517623394e-02
-1.148541029218301708e-02
5.336037931277788637e-02
4.492123794695197792e-02
5.437537556803678784e-02
1.621146109500866753e-02
5.400124813016627529e-02
4.134592841812213815e-02
5.621120025624411903e-02
1.108134650449858587e-02
5.248643079654750215e-02
2.468320402139373079e-02
-1.022702825082583838e-02
5.377946645199455783e-02
-1.800233780515646731e-03
4.960821042416731219e-02
-4.370815252923439947e-02
5.379170199291560123e-02
5.408755354687143357e-02
5.348739332192753437e-02
5.334002498362219041e-02
5.350172784225430689e-02
-5.074591628860152144e-03
6.834675759722458332e-02
6.595863707678684129e-02
6.956224723705456414e-02
-1.816522168583507499e-03
6.865323041281239103e-02
6.569590044890029346e-02
6.830031485260577850e-02
6.485857683985433650e-03
6.836980867317903054e-02
-2.052733907704737057e-02
6.593237510124909384e-02
-9.738945339767728082e-02
6.836191888453199694e-02
6.835043429571643903e-02
6.836183162836399763e-02
6.834938194395417943e-02
6.836533766614513730e-02
-3.221510807681647603e-02
8.008475050510162341e-02
7.449765302369865116e-02
8.014119031516525604e-02
-8.940435894802235828e-03
8.022105036268807610e-02
7.575164359953304172e-02
8.001572093824164955e-02
4.478235866284104028e-03
7.651259117769142193e-02
1.927995495516473395e-02
-2.125387676484599697e-02
-3.099352758301895591e-02
8.034643958824728982e-02
-1.169258986789845772e-02
7.638594544818293197e-02
-8.158384721851194565e-02
8.048211754645928639e-02
8.006921084632230567e-02
8.047627234697107834e-02
8.007421278069291881e-02
8.008297802767642970e-02
-4.315201833471864895e-02
1.114209782839470086e-01
7.622392806505436103e-02
2.541343167997124619e-02
2.410971420564883214e-02
2.537209555624298299e-02
-9.937438608039445009e-03
2.542317102473494808e-02
2.322665467853015503e-02
2.584527381986016087e-02
-6.935999616552567665e-03
2.867333844668541742e-02
-2.518000114882158313e-03
-4.865210792949736275e-03
2.621594085006824851e-02
-1.952071150245845640e-02
2.443128476587440659e-02
-3.485593521582231596e-02
2.541062406939025367e-02
2.538833933577459151e-02
2.541062406939025367e-02
2.540632478966250649e-02
2.538833933577459151e-02
-2.533345928406692191e-02
3.333680159479567862e-01
3.144738091054847806e-01
3.332222047065701021e-01
3.342949079662539957e-01
3.336574641325727453e-01
3.391681011762057163e-01
3.344543436712761331e-01
3.250285728292628962e-01
3.344053763976287952e-01
3.111146219565582571e-01
3.338859832149105866e-01
3.026259551077405963e-01
3.339013132278597085e-01
3.274517203757120187e-01
3.333294661642871581e-01
3.367736895768921879e-01
3.335023071669139250e-01
3.151140833495845728e-01
3.330610638413915581e-01
3.145195440703594802e-01
3.336530300937087246e-01
3.026966703956925908e-01
3.337932812709031305e-01
2.961816445288009692e-01
3.334299932284257029e-01
3.186851415539381782e-01
3.337511968669542028e-01
3.026578756045172902e-01
3.337511134921977152e-01
3.230504238788785010e-01
3.338123448874490973e-01
3.145195440703594802e-01
3.342014519336745648e-01
3.127302642161884361e-01
-3.484007159440566936e-01
-2.140114688303002832e-01
-2.305097038958987543e-01
-2.557791473653515668e-01
-1.233948549557101065e-01
-2.978403168098121834e-02
-2.853621278047423909e-02
-1.818758100063267227e-02
-3.562598217854523464e-02
1.773944321046989903e-02
-2.707189888580282741e-02
-9.092662666026637974e-03
-1.839151155867257276e-02
-1.893049540851882845e-02
-4.732382573335670861e-02
-4.719319574206305712e-02
-4.393460030074307354e-02
-3.594651681522267189e-02
-1.199472759989204801e-01
-3.978243060569041506e-02
-1.219438125029655706e-01
-1.157150720092419739e-02
-2.348265551153543365e-02
-9.599920441546758859e-03
-1.173890054098531907e-02
4.237715413124187175e-03
2.087225101615092920e-02
1.377437450162022348e-02
-9.758048792859706777e-03
-1.823617570602682758e-02
1.403033344025954657e-02
-1.534102751888804031e-02
-1.458954599367123274e-02
-1.368170881924584900e-02
-1.031918408990610825e-01
-8.283113243369860657e-03
-1.754165085926487067e-01
-3.147131283652659234e-02
-3.693771602795296871e-02
-1.784044974855859833e-02
-3.751482956406169272e-02
1.450359245015313443e-02
-7.975479242218591266e-03
1.668699167310101804e-03
-2.075638944345384318e-02
-2.600136646569712814e-02
-2.956837016035856330e-02
-4.763211112115383478e-02
-3.762101891796085229e-02
-1.602349603258140520e-01
-3.943479118059540350e-02
3.971582761970747499e-02
2.490330308304511686e-01
6.728647212342726835e-02
6.758045111551931605e-02
6.721595970589376579e-02
6.746447967729118922e-02
6.750329052147838182e-02
6.726043803750920980e-02
6.786139004268881836e-02
6.741666162535400741e-02
6.719954003309060175e-02
-1.342244933435449428e-01
6.735920100218723006e-02
6.728321192548698815e-02
6.726854004947616095e-02
6.718089025565958383e-02
3.156197725850241192e-02
3.885391262861626060e-02
1.959544364492169649e-02
1.071683627958430196e-01
6.606936187604683930e-01
5.773533196772812764e-02
3.253147544634144017e-02
-3.302963568345354539e-02
6.790691365967439497e-01
1.362427875301426283e-01
6.447965132182302828e-01
-1.116183795852579430e-02
-2.665993422197980578e-02
1.216216600559737321e-01
7.626056902638261858e-02
6.044318492791612984e-02
-3.126855693758604643e-02
5.724321894959661511e-02
7.846548871690506299e-02
-2.616238219712437030e-02
-1.455261169779682173e-01
-2.598609317140130118e-02
8.358763121739602731e-02
6.141378559512918056e-02
1.384873817926583067e-02
-2.166741859152623417e-03
-1.947064821341738250e-01
-6.301606925897645928e-02
8.096085472791726689e-02
9.981455955042498052e-02
7.821940023751831894e-02
7.880232525625935347e-02
-4.289403996937897479e-02
9.259456931382502309e-02
7.845156053695498399e-02
7.831760934030812527e-02
7.828431497225971092e-02
5.443310153447730032e-02
-1.846478884897546913e-01
-1.810894841802698219e-01
-2.014764276311659386e-01
-1.591608178634215665e-01
-3.990483619292211487e-02
-2.211526991310887313e-01
-3.993487055407713565e-02
-1.711825362372809411e-01
-1.843461968816048346e-01
-2.215118142798812029e-01
-1.746035927800943799e-01
-2.136250642772742972e-02
-1.494090771483587154e-01
-1.529171441785792396e-01
-2.234796809684057306e-01
-1.509737443302169024e-01
-1.495473271135416560e-01
-1.739276593291241291e-01
-1.754531647636535796e-01
-1.808307808893391266e-01
-2.259220809210733816e-01
-2.258500103759139011e-01
5.332228677528210586e-02
5.303809977900159067e-02
-8.510529098585861707e-02
5.348059908566542980e-02
5.264128288355841151e-02
4.139968105224865053e-02
4.165712780152499434e-02
1.338885720981163319e-01
9.406359053149186689e-02
-1.054487009671709469e-01
-1.053405539311154521e-01
7.696173833057773361e-02
-8.162841083303559730e-02
4.336863005648352032e-01
3.997226915021110938e-01
8.640870136744926988e-02
2.446720370267508812e-02
3.994802120880521779e-01
8.413533389317878752e-02
-2.085454377774200938e-02
3.076309846972356543e-01
1.350396171755141317e-01
-1.693935929939763274e-02
1.797734722056021917e-01
2.790215235047357415e-03
-4.027224555648149101e-02
1.900436872140908173e-01
3.629873516888740270e-02
1.477065544656147773e-04
3.672816610339622589e-01
1.497000888760137149e-01
9.376461131490342049e-02
1.797624446454366698e-01
1.031689575702344625e-01
2.259032845343979939e-02
2.274114731307447235e-01
8.958905541965149488e-02
4.487800481979260792e-02
9.050866315426472908e-02
2.521418001690339805e-02
-1.434382957462195787e-03
6.861248499003635981e-02
3.319736135318150649e-02
2.212923831361601756e-02
2.429864917448475437e-01
8.057553371250159024e-02
4.048601744490061549e-02
1.742919363582255965e-01
4.919296207578573860e-02
1.441133875766386317e-02
7.343085087169788638e-02
-2.671288182192252132e-03
-3.241043142994318171e-02
1.723151494689126317e-01
6.820086588793396187e-02
4.098070049330998499e-02
8.347392222451768817e-02
-4.278543452322008250e-02
-5.792429235519327285e-02
1.917892790660200020e-01
6.972231621744974517e-02
4.638521366471542312e-02
1.077403859257508451e-01
3.758515480203297038e-02
4.799475685638533717e-02
1.813494029880979574e-01
8.133615439776575862e-02
5.742303636741892536e-02
1.627913505032622665e-01
6.200215390939661092e-02
3.875455980749777790e-02
6.641331930800960237e-02
1.244606473656243162e-01
4.166360396784930115e-02
1.518859216153618449e-02
6.586083523537271389e-02
1.650479507088160880e-02
5.574193337578371363e-03
5.111741957974182127e-02
-2.783364653734169639e-03
-6.606779495085579428e-03
-1.124008956098033890e-01
-1.130700949787294407e-01
2.431543800345809317e-02
2.421974334403616952e-02
2.427126883495829210e-02
2.425285719198238404e-02
2.539094185670134549e-02
2.495060760953437401e-02
2.418528096583788187e-02
2.480220748519837773e-02
2.427126883495829210e-02
2.373177376003253458e-02
-6.454596994965047796e-02
2.699486905997041525e-02
2.618177493143535040e-02
2.590305491153777409e-02
2.595985632440555788e-02
2.644589338674584178e-02
2.605043302900227065e-02
2.594007613303418031e-02
2.599202007304197981e-02
2.595985632440555788e-02
2.588337401816991068e-02
-7.680457122091449707e-02
4.910179226473265768e-02
4.537404023714536327e-02
-8.287787510041243200e-02
-4.636583403182564095e-02
2.465337325813342015e-02
2.448657151890133027e-02
2.459647942424709674e-02
2.461164556472402246e-02
2.420790379395175440e-02
2.499906916166702922e-02
2.463824919547602521e-02
2.508885042707332050e-02
2.459647942424709674e-02
2.458703353353262205e-02
-8.523184686871886073e-02
1.397729051425471158e-02
1.427732617732002662e-02
1.418683283234617454e-02
1.418683283234617454e-02
1.427731493027952457e-02
1.438974724311553773e-02
1.418683283234617454e-02
1.416456531340225602e-02
1.420949074556731619e-02
1.416431309902757042e-02
-1.061164424411576573e-01
5.818950957977921806e-02
-6.016175947862448248e-02
4.749707586812947080e-02
-1.176267749464868645e-01
1.939323789198781414e-02
1.911788853460478360e-02
1.909990308206881843e-02
1.911788853460478360e-02
1.888921943334417528e-02
1.960453500487303879e-02
1.916453818380837310e-02
1.924344691397620807e-02
1.911788853460478360e-02
1.911428073570289876e-02
-8.377475234890167932e-02
6.322186791143779433e-03
4.984316890251903366e-03
4.984316890251903366e-03
4.984316890251903366e-03
5.102340360635533936e-03
5.077478128266458939e-03
5.015618297178539922e-03
5.008888454694657329e-03
4.984316890251903366e-03
5.015618297178539922e-03
-1.029614288275154665e-01
3.852361214453603466e-02
-7.580030495874863494e-02
1.385481519647708062e-02
-1.004660574521135108e-01
1.746710702055524408e-02
1.766583342139750601e-02
1.741957418148326955e-02
1.766583342139750601e-02
1.739701675118169102e-02
1.746460297482900839e-02
-3.969499678674064808e-02
-3.836270770943619730e-04
-2.644805737935870143e-04
-5.431383679123289419e-04
-7.954669280308548983e-05
-5.431383679123289419e-04
-3.422807473760618451e-04
-5.065224249105848564e-02
3.182660428841638245e-02
-3.810225459685163962e-02
1.377058306179575545e-02
-6.049869388849044016e-02
-4.510135336159550902e-03
-4.239622840601880820e-03
-4.239622840601880820e-03
-4.239622840601880820e-03
-3.874597122012062803e-03
-4.273366231161030218e-03
-4.375432394093839439e-03
-4.239622840601880820e-03
-4.239622840601880820e-03
-4.036597126162510402e-03
-8.890607659626420566e-04
3.853931400044219215e-03
3.768571313045883560e-03
3.768571313045883560e-03
3.853242259765429865e-03
3.768571313045883560e-03
3.768571313045883560e-03
3.768571313045883560e-03
3.768571313045883560e-03
3.768571313045883560e-03
3.768571313045883560e-03
-9.683893980281641292e-03
1.186434325694310336e-02
-1.143624594343065418e-02
1.640957724481430235e-02
-1.310461710513769265e-02
3.478057656744191761e-01
7.986957458835595158e-01
2.364424562021240905e-01
-2.112005845495419920e-01
-1.686537619305050195e-01
-1.195172843366874571e-01
-1.666308136593717265e-02
3.106747601470268363e-02
9.870596260294232926e-03
-2.750991659393297456e-02
3.189251335518253350e-02
-6.323498907982394446e-02
-6.326931989518409793e-02
-6.349113208215391435e-02
-6.351255549030096481e-02
-5.908107813127116276e-02
-6.072590651678811541e-02
-6.326354869015377025e-02
-6.152497914217221198e-02
-6.349113208215391435e-02
-6.364408434166908546e-02
-2.637183376325031095e-02
-2.713679389605142683e-02
-2.691186986145129370e-02
-2.684218516582752290e-02
-2.176142172514195297e-02
-2.478464893377593792e-02
-2.644121731487471608e-02
-2.700834306405176799e-02
-2.691186986145129370e-02
-2.580077064720237567e-02
-3.381282526437603270e-02
-3.282448158258554488e-02
-3.289646151226864601e-02
-3.282448158258554488e-02
-2.798358237190434750e-02
-3.035060310944339562e-02
-3.240294598899485373e-02
-3.232157423496796050e-02
-3.282448158258554488e-02
-3.188427533732508812e-02
-3.207093666780200941e-02
-3.186043351385611094e-02
-3.186043351385611094e-02
-3.186043351385611094e-02
-3.163466426639035406e-02
-3.189944274811087194e-02
-3.196570485866515737e-02
-3.186043351385611094e-02
-3.186043351385611094e-02
-3.084670376455680638e-02
1.758070425918505097e-02
1.790531309811829383e-02
1.602156663086164862e-02
1.830802328929558020e-02
1.580448843017778077e-02
1.622780210901452955e-02
-5.785381183037372615e-03
3.205476752055202300e-02
4.800464660776274789e-03
-2.382237835780387850e-02
2.801630702257568509e-02
-5.861885885126116164e-02
-6.149288432806000043e-02
-4.039283112988350383e-02
-1.786997225076304360e-02
-2.551097954476636356e-02
-5.553478565656728289e-02
-5.897691219984904643e-02
-5.881139410479312157e-02
-5.871894171778932470e-02
-5.841437682277203503e-02
-5.810075078973842705e-02
-5.865481576328634289e-02
-5.843439829039925176e-02
-5.871894171778932470e-02
-5.824175209809876602e-02
-2.298454726505906598e-02
-2.688728827058161838e-02
-2.714447672368846404e-02
-2.714447672368846404e-02
-2.679938424006744757e-02
-2.647880975175765858e-02
-2.714447672368846404e-02
-2.703248720307355191e-02
-2.708014171136857370e-02
-2.714920928281160800e-02
-2.651971678988856648e-02
-2.965823046079553785e-02
-2.965823046079553785e-02
-2.965823046079553785e-02
-2.936749513571804485e-02
-2.936749513571804485e-02
-2.959200157116135058e-02
-2.956587553060522136e-02
-2.965823046079553785e-02
-2.965823046079553785e-02
-3.144929598985415214e-02
-3.160875500027695434e-02
-3.160875500027695434e-02
-3.154251519880885146e-02
-3.160875500027695434e-02
-3.160875500027695434e-02
-3.160875500027695434e-02
-3.160875500027695434e-02
-3.160875500027695434e-02
-3.160875500027695434e-02
2.519225904793589640e-02
2.538051779703208791e-02
2.507305570170622125e-02
2.565135785882504196e-02
2.507305570170622125e-02
2.560860041569564677e-02
7.655638177004221445e-01
-2.431210019737481062e-02
-2.442092345336755177e-01
-2.421201201898816324e-01
-6.712883605993349434e-01
-2.420420694898262615e-01
-6.440460571629912367e-01
-2.422004848409739508e-01
-5.850006261208274827e-01
-2.425574679527932598e-01
-6.632515326416098533e-01
-2.422375075737835948e-01
-7.059225642866687744e-01
-2.421304850506977024e-01
-6.676112996021756896e-01
-2.424794633604393512e-01
-7.145055259787971291e-01
-2.414056098670548656e-01
-5.488623269311186936e-01
-2.425961959375489141e-01
-4.239707799717800513e-02
-6.460026732383162829e-01
-3.234431813558458768e-01
-1.340648950775406856e-01
-2.413965017475352415e-01
7.468979236814511369e-01
-3.199907881342477500e-01
-6.751313447125715239e-01
-6.760538289488634556e-01
-6.773986868290668983e-01
-6.763779082536811593e-01
-6.783310272960501042e-01
-6.779106684968065899e-01
-6.768877679929152791e-01
-6.778180447067368997e-01
-6.778180447067368997e-01
-6.773986868290668983e-01
-6.778180447067368997e-01
-4.435325022489982061e-01
-4.801282720069083854e-01
-5.866835621938565337e-01
-6.750159140324401008e-01
-5.641172152688306296e-01
-6.460954331714242604e-01
-5.701459796641943356e-01
-6.087090397604146830e-01
-6.135548876843621713e-01
-7.369851465488534981e-01
-4.484625108344868494e-01
-3.435614617870817039e-02
-7.513358817719599791e-01
-7.513358817719599791e-01
-7.513358817719599791e-01
-7.513358817719599791e-01
-4.485990963695463685e-01
-4.532894266910408865e-01
-4.562762991547847369e-01
-4.562762991547847369e-01
-4.564871580987339694e-01
-4.516030101264362773e-01
-4.569217701421092737e-01
-4.555749987774064813e-01
-4.554015805707267717e-01
-4.557180013079119574e-01
-4.557707742475964330e-01
-4.556998028796657718e-01
-4.566799609280301486e-01
-4.562945610997601875e-01
-4.567490817789504609e-01
-4.563342190313244839e-01
-6.717773103618901454e-01
-6.769802608744590611e-01
-6.778180447067368997e-01
-6.783310272960501042e-01
-6.779106684968065899e-01
-6.751313447125715239e-01
-6.783310272960501042e-01
-6.779106684968065899e-01
-6.773986868290668983e-01
-6.778180447067368997e-01
-6.779106684968065899e-01
-6.773986868290668983e-01
-6.783310272960501042e-01
-6.783310272960501042e-01
-6.780818084567012960e-01
-6.773986868290668983e-01
-2.727694216735035773e-02
2.342647378229073887e-02
-2.400756683421274573e-01
-2.373448179765273169e-01
-2.380117176561578063e-01
-2.384713975950510656e-01
-2.386353666685298303e-01
-2.387177874409254774e-01
-2.373594817882079822e-01
-2.381584805692907592e-01
-2.387854537733780647e-01
-2.395681089027231758e-01
-2.424861283312391425e-01
-2.445653580928739967e-01
5.571933461191370257e-02
-2.451248777698999959e-01
-2.479567315975689523e-01
-2.479501773552495458e-01
-2.504457513610911512e-01
-2.442887567334744991e-01
-2.435205529511898781e-01
-2.452863806079804698e-01
-2.483746338192482916e-01
-2.452350006902032364e-01
-2.463669661535089206e-01
-6.122831081187001256e-01
-6.220623024843949800e-01
-2.480160880433351922e-02
-2.439399179899357506e-01
-4.619694210171072513e-01
-3.567983808278915592e-02
-6.640529846992042629e-01
-1.576198969296059293e-01
-8.482960991425242403e-02
8.064620297574522090e-02
-8.510105639225604146e-02
6.688236526113403024e-02
-7.304773967578127511e-03
-4.145941884459954929e-01
-2.320543790523561523e-01
-2.993176336193273390e-02
-4.433173494995406583e-01
-2.516140373456555723e-01
-2.210019441702703452e-02
-2.134404750351156024e-02
-9.108497539915291763e-02
-1.413278970992712935e-01
-3.963847479489829989e-02
7.651448965257026114e-01
-2.897577275790073625e-01
-2.794433565231387306e-01
-1.441029724827083969e-01
-4.713313114877911575e-02
-3.414454289131528542e-02
-5.565096157287482276e-02
-2.404352794879835789e-02
-4.696692190263941635e-02
-1.899248699120420145e-02
-2.600136646569712814e-02
-3.084735499823769780e-02
-2.089523802463243846e-02
-3.852819035878587810e-03
-3.755894496148957235e-02
-2.440659374421881578e-02
-2.406289321846010951e-02
-1.285949846062087176e-02
-3.700374752641914095e-02
-3.361152315682272573e-02
-1.325433015179586400e-02
-1.671105779732905139e-02
-2.622228912152305483e-02
-5.417773392872497762e-02
-2.210750600556635539e-02
-1.222372663053252623e-02
-1.818758100063267227e-02
-1.964537427820271104e-02
-2.733525648028695479e-02
-7.086895669058178825e-03
-9.132590769173783152e-03
-1.714228101490098202e-02
-4.422244411965398081e-02
-1.301241188954690986e-02
-4.607759515928441796e-03
-1.660245631588713050e-02
-1.741304307502877791e-02
-2.813815208721196642e-02
-1.089781693493119957e-02
-1.511363510139627359e-02
-2.709729350006178164e-02
-3.693809815004781699e-02
-1.979433749922884095e-02
-1.435775857471503943e-02
-7.424025680283773652e-03
-1.049944715304089102e-02
-3.665684402361861494e-02
-2.861664470511433855e-02
-4.719319574206306406e-02
-1.223127706007639919e-02
-3.927036131363743215e-02
-2.192063042377020293e-02
-2.340367234554468351e-02
-3.015686542919134017e-02
-2.540071277226927521e-02
-2.151555124213114581e-02
-1.928680522045444004e-02
-1.061453823849710029e-02
-4.114214951555175692e-02
-2.025850280351666755e-02
-2.014599218353895979e-02
-2.154889767907552239e-02
-2.353660683178771668e-02
-1.751921152303843182e-02
-2.948189943897495252e-02
-1.350615502658946906e-02
-3.465157923736007090e-02
-2.929075109070386138e-02
-2.901270830078660906e-02
-3.865300034256075740e-02
-3.579314150897027619e-02
-2.726041586659306085e-02
-3.213151673282602094e-02
-1.580406893737452967e-02
-4.927530159584934955e-02
-1.771864642700962944e-01
-3.357404236240601331e-02
-1.639991592345936555e-01
2.803270328778383058e-02
1.780741906385933243e-02
3.043013753810530284e-02
2.766170254702670153e-02
1.659432000489782094e-02
2.979815371419723691e-02
-1.728482879665413641e-01
-2.484676052882091313e-02
-1.560420731028612784e-01
-3.054915786420767457e-02
-3.061377964100215829e-02
-3.059087096757664992e-02
-3.033687830759725090e-02
-3.017735969962018899e-02
-3.036001994141543023e-02
-3.038402424112777653e-02
-3.033759861199392116e-02
-3.059087096757664992e-02
-3.022339565500200068e-02
-3.054465282725355585e-02
-3.045313942017209563e-02
-3.049910320471673278e-02
-3.036001994141543023e-02
-7.740656867495215865e-02
1.213210939309572328e-01
7.651505233029645692e-02
1.171938435221042685e-01
2.351878386533555743e-01
2.257699732390253677e-01
2.330111726875399858e-01
2.335016070543833588e-01
2.359074282357452035e-01
2.353745801647737779e-01
2.344488063947902379e-01
2.336817590466076511e-01
2.389081116014092621e-01
2.334930102735676138e-01
2.334822944350525842e-01
2.335767300882478359e-01
2.330997418944859567e-01
2.351479659877234452e-01
2.362042934006410855e-01
2.345263358485931149e-01
2.337246272798808866e-01
2.339475585099102251e-01
2.335188096508579725e-01
2.340574766477547808e-01
-2.382864108109183643e-01
1.204047312197917136e-01
-5.911387550479142022e-02
5.764613714137625800e-02
-6.916892234012807618e-04
1.288393429875603624e-01
1.445955607900119844e-01
9.507308638860727246e-02
2.863141159168771516e-02
2.465985907693944157e-01
-7.197029783129375120e-04
-1.433160222801151823e-02
1.856446796173041175e-02
5.122585484095753400e-02
1.066598395494528645e-01
1.508093351084023592e-01
9.695383777714708384e-02
3.997087657840230762e-02
6.359736790575142018e-02
-6.347839636807059427e-03
5.629087694036775946e-02
2.110221228540596489e-02
5.771253411562211194e-02
1.372068794238482936e-01
5.152076000396617339e-02
1.113529884699264311e-01
2.182407691390607918e-01
-1.871377577740731268e-01
-1.910370317033997442e-02
-2.228009851067025773e-02
-2.604088375581857170e-02
3.297288437648782655e-01
3.545669763931759699e-01
3.547366745174425628e-01
3.541459735941217546e-01
3.540913552119272500e-01
3.540088166751741983e-01
-7.258359160317907621e-01
8.016144578933266651e-02
-1.055364511318854226e-01
-3.045353149214859861e-02
8.975025595654950727e-02
-4.483133020951302616e-01
-1.356028722978859236e-01
-1.210937886703199184e-01
-6.650918974316238907e-02
-8.441594814134378844e-02
-1.164469420191136251e-01
-1.057570661361827286e-01
-1.036319031475834845e-01
-1.033457248107541582e-01
-1.462485416613397149e-01
-1.194768130931404410e-01
-1.284407178674966121e-01
-1.245537438720270840e-01
-1.161713176357659222e-01
-1.124566345468228645e-01
-1.059308429285234915e-01
-1.039513667152549836e-01
-1.726442160056279040e-01
-1.588262161567582098e-01
-1.034755766447326281e-01
-1.031587321658387207e-01
-1.033681267069507526e-01
-1.030273794375442947e-01
-1.047346905571911735e-01
-1.036095379261860877e-01
-1.093065766091182445e-01
-1.046258259907034277e-01
-1.246183843799689578e-01
-1.114301090032390612e-01
-1.385312073857923043e-01
-1.199116775812384822e-01
-1.184416259057397836e-01
-1.121603834376501407e-01
-1.064344841705518463e-01
-1.044604220139621065e-01
-1.093265673712687791e-01
-1.057999398235434652e-01
-1.039695148631628041e-01
-1.029450588707052361e-01
-1.123657816052237302e-01
-1.048994848005162378e-01
1.360261788227097535e+00
7.177657825046196427e-02
7.176944212662010603e-02
7.177333776118054176e-02
7.178695825237779715e-02
7.178959385038337360e-02
7.178905346575666091e-02
3.364770875655830051e-02
4.270080831648882108e-02
3.752900168468960296e-02
2.103444409181005198e-02
1.821783651068541177e-02
1.895977585490362174e-02
7.212084527062101458e-02
7.213935046068080392e-02
7.212675745731282617e-02
7.212055323400005935e-02
7.211998752912072985e-02
7.214227827794296444e-02
7.213878477222426810e-02
7.213712724947538013e-02
7.213992275873291893e-02
7.214288379747713087e-02
7.213712724947538013e-02
3.673619711648523634e-02
1.358030297535928854e+00
2.070216820540779767e-01
2.070127580396304290e-01
2.070392694910864473e-01
2.070348802049936654e-01
2.070678020585816348e-01
2.070548879110811757e-01
4.920123266686236840e-02
9.784881651849261508e-02
1.600306560527073596e-01
7.408975293323845357e-02
4.774558052675138137e-02
2.631115504167510014e-02
5.153177431677781473e-02
2.065521522844313285e-01
2.066021096212786179e-01
2.065336310211574877e-01
2.065899717343490372e-01
2.065877476337948937e-01
2.066179420920013499e-01
2.066050984519205713e-01
2.066070795398293192e-01
2.066111532351416757e-01
2.066117202900352723e-01
2.065949424605751927e-01
1.021790523492391717e-01
1.316477990970378598e-01
1.359500545728302479e+00
1.358844658608426625e+00
1.948233499732618945e-01
1.948558769213472597e-01
1.948622834747751609e-01
1.948661376626970865e-01
1.948632708112166545e-01
1.948418877190945253e-01
1.948637215149618407e-01
1.948558022727499006e-01
1.948635562183070880e-01
1.948380469813177363e-01
1.948653395825188095e-01
1.948523454474332395e-01
1.948689852571397763e-01
1.948799811117265246e-01
1.949072139190899944e-01
6.518159285749523801e-02
1.358839203897642012e+00
2.463698053226557882e-01
2.463140187313741791e-01
2.463818677563619219e-01
2.463610479040955203e-01
2.463775078847297573e-01
2.463719461849913916e-01
2.463901935018512901e-01
2.463185873410955185e-01
2.463712469165921237e-01
6.442655183671257280e-02
3.642361047535030427e-01
-1.360013652902745340e+00
-1.355424231636520593e+00
-1.357713769651964331e+00
-1.354800677116906549e+00
-1.339429239941084315e+00
-1.357727744724220642e+00
-1.355525797168444901e+00
-1.354992561448418842e+00
-1.355674517162471560e+00
-1.355762389657202860e+00
-1.355847787445429775e+00
-1.355106825063908449e+00
-1.355109836996152062e+00
-2.050177633932965537e-01
-2.052201348923131663e-01
-2.049832062878189642e-01
-2.051687953034218304e-01
-2.051594718110350546e-01
-2.052880944104165384e-01
-2.052321226344982763e-01
-2.052405787287572558e-01
-2.052580192953317728e-01
-2.052604524442606382e-01
-2.051924484107956748e-01
-1.945247874516198017e-01
-1.946604247523535947e-01
-1.946878182018291770e-01
-1.947043768467378033e-01
-1.946920546200517355e-01
-1.946004544025372041e-01
-1.946934797816207430e-01
-1.946591573296549693e-01
-1.946629786898523840e-01
-1.945586869225174598e-01
-1.946734499487989267e-01
-1.946146223573081147e-01
-1.946885202069394416e-01
-1.947368644783550040e-01
-1.946531719497072155e-01
-1.354037559712132355e+00
-1.354243273843217521e+00
-1.360985588311666605e+00
-1.361015658907933634e+00
1.351394734854944657e+00
1.359868237660609047e+00
1.360409051434628758e+00
1.360479091260533568e+00
1.348177785047694810e+00
1.355061529948893950e+00
1.347841023019739293e+00
1.349083059184307931e+00
1.347013459932359991e+00
-1.338994343336668669e+00
-1.355119422827053555e+00
-2.759103181476191824e-01
-1.300897387986737153e+00
-1.300537331249083106e+00
-1.300170059155616897e+00
-1.300252020839746558e+00
-1.299958088969595416e+00
-1.291461666037833744e+00
-1.275682693215017149e+00
-1.267980570615200087e+00
-1.272112345227912611e+00
-1.260018893983949173e+00
-1.300164355575107900e+00
-1.299418303125015273e+00
-1.358780134359109937e+00
-1.356352464733391994e+00
-1.292396004822631284e+00
-1.358925080490430037e+00
-1.358771452522931966e+00
-1.353003802067713535e+00
-1.359257085396733178e+00
-1.358971730870049965e+00
-1.359869328318814352e+00
-1.360625631541893421e+00
-1.360395806514627326e+00
-1.359799096772498439e+00
-1.353723938768573332e+00
-1.354454986858957710e+00
-1.353646446791179958e+00
-1.353945901400934071e+00
-1.354363662262436874e+00
-1.354847275933837247e+00
-1.354329136286729129e+00
-1.354946772170095404e+00
-1.351396317164267558e+00
-1.351592361673879639e+00
-1.351521426028239325e+00
-1.351092304730093563e+00
-1.356945312154544725e+00
-1.356518863785659113e+00
-1.356512159359076986e+00
-1.356471662094253849e+00
-1.356389834252315074e+00
-1.351998591259788274e+00
-1.345208703406323592e+00
-1.354239039588962967e+00
-1.356018092063774994e+00
-1.354618622063919142e+00
-1.356835764058446303e+00
-1.357656380752729319e+00
-1.354900858152779941e+00
-1.354579400925907562e+00
-1.356934883075642251e+00
-1.296986769050456401e+00
-1.296332168998106660e+00
-1.293488792831378742e+00
-1.353182118385812371e+00
-1.343715086044804385e+00
-1.346456768342373600e+00
-1.347043969985980638e+00
-1.341591542097770207e+00
1.337293560342648568e+00
1.299423693024549520e+00
1.298289746898458219e+00
1.262858756615770295e+00
1.271668204197327734e+00
1.262684429929171515e+00
1.266992717957910797e+00
1.254571241369482726e+00
1.298707908275868794e+00
1.297745861358959196e+00
1.357562896705666988e+00
1.353690323428525799e+00
1.289441903075089657e+00
1.357580591033702655e+00
1.357396981078191178e+00
1.350730704863749576e+00
1.357920911287854082e+00
1.358020728170128422e+00
1.359450364792041066e+00
1.360478973639431155e+00
1.360145960499544282e+00
1.359293531086387619e+00
1.352377724752036325e+00
1.352758103030271553e+00
1.352040250568519175e+00
1.352378341158389397e+00
1.352970332450851965e+00
1.352727752516505566e+00
1.352148216591349428e+00
1.353461155156601814e+00
1.349518553822124822e+00
1.349107644185344679e+00
1.349104514107732466e+00
1.349002088903594743e+00
1.341753145103487865e+00
1.348687875059830787e+00
1.341845251126877470e+00
1.352466529898087577e+00
1.354559219161110883e+00
1.353612656219466359e+00
1.355680129075784279e+00
1.357980921638975991e+00
1.350443816425671573e+00
1.293770288051344641e+00
1.340304920323069471e+00
1.342985003653448084e+00
1.343399110066118229e+00
1.337561724127029006e+00
1.358224403845869510e+00
1.358472636950883272e+00
1.357028892577904378e+00
1.358696400668619519e+00
1.352263784286014570e+00
1.358528601302134486e+00
1.356799966625851894e+00
5.243210616958772219e-01
5.242222941644064660e-01
5.242322336036437935e-01
5.242973658099236989e-01
5.235362602521494990e-01
5.243344965873129038e-01
1.053577535097719453e+00
1.053942308487355151e+00
1.054807608804410268e+00
1.675033671720584649e-01
1.054165063986868489e+00
1.794339616191302500e-01
1.055148910500733228e+00
1.878150939052238289e-01
1.055285721803811416e+00
1.642892133159752077e-01
1.054630677017805551e+00
1.941990015721125340e-01
1.010453719668749306e+00
7.629233042016801969e-01
7.647806252447820752e-01
7.660355344742704187e-01
1.359418051191398025e+00
1.825161515585348448e-01
1.825164147301259754e-01
-1.188605711561936396e+00
-1.360018502465553558e+00
-4.940611478284930302e-01
-1.131651626493409557e+00
-1.358522163816727968e+00
-1.358105464947286345e+00
-1.360162860008484742e+00
-1.358901760500452527e+00
-1.359074449549836139e+00
-1.173879640597820462e+00
-1.121299360058384043e+00
-1.289680501261454060e+00
-1.360962732837132316e+00
-1.360319974987420411e+00
-1.357790382575393195e+00
-1.359349136074125219e+00
-1.360210107472878516e+00
-1.359262630113574399e+00
-1.348706321374203876e+00
-1.361157972781153802e+00
-1.360788362593506440e+00
1.359380582185674369e+00
9.058492577717897065e-01
8.093365383336299512e-01
4.961028497071559018e-01
4.959433449802812532e-01
2.416000426174215177e-01
1.378399467624308872e-01
5.810192580135735696e-01
4.192033523329242728e-01
3.994947880769892379e-01
3.995012119688005625e-01
3.994538018760933618e-01
3.940463068583642814e-01
3.478513277978335649e-01
3.455044051280967143e-01
3.478520477901009267e-01
3.479394740289783461e-01
3.481657290187647469e-01
3.478930854621873348e-01
3.301325941279609211e-01
1.927841159152273998e-01
1.930607155166208511e-01
9.322638899891268205e-02
1.119052835960326342e-01
1.269087998685293761e-01
2.941182530253959038e-01
2.262053230341142251e-01
1.957289850355327376e-01
3.303653952328483023e-01
1.387672015352175159e-01
3.305980864454544088e-01
3.295801614924540601e-01
2.441909522966264623e-01
2.090384355553321638e-01
9.590595227516145183e-02
3.298112293026722597e-01
3.303643622740808361e-01
3.300424630430990325e-01
3.304106456225922583e-01
2.783865121299516354e-01
3.307351682987791364e-01
3.307350941160099311e-01
3.306889805792121440e-01
1.974913786156880235e-01
1.974243310279915342e-01
3.679019690387136388e-01
3.682515362312949181e-01
3.505487515891914096e-01
3.513756960658404593e-01
3.509851440353013996e-01
3.515538541975299913e-01
3.518113674108960809e-01
3.511818524845042311e-01
3.517900373469763919e-01
3.679475852635327726e-01
3.170636545079382196e-01
3.119483642116477884e-01
3.162747873088637696e-01
3.132775323665867862e-01
3.057069756222596246e-01
3.163717563567253754e-01
2.300250990128556716e-01
2.298826334079702993e-01
2.301293983922391151e-01
2.301338779628770426e-01
2.258097522998217810e-01
3.170354186794249740e-01
1.969030094430832545e-01
1.969484137062205154e-01
1.969128245023026857e-01
1.969132279094486238e-01
1.969474099114272569e-01
1.969129901062565413e-01
1.969596085667731089e-01
1.969603925864973626e-01
1.969355617141979875e-01
1.969656351428866192e-01
1.969654291308973737e-01
1.969679438862865506e-01
3.170830264942977594e-01
1.754148616172284125e-01
1.754066292150316397e-01
1.961397398410339721e-01
-1.353453694540737606e+00
-1.352936228847094968e+00
-1.359651449739732509e+00
-3.164923359726220520e-01
-3.165778063352137628e-01
-3.164855782075529089e-01
-3.166456533650477967e-01
-3.168705452536632050e-01
-3.167288630866832988e-01
-3.167315534392098897e-01
-3.168688270643421068e-01
-3.167288630866832988e-01
-3.169082068869287228e-01
-3.169094149579306796e-01
-3.168272326747011980e-01
-3.169265274396124710e-01
-3.163117769985965833e-01
-3.164989169900481181e-01
-3.168128944965994953e-01
-3.164865326937618684e-01
-3.167401780239315623e-01
-3.168901815930567634e-01
-3.166199102755366535e-01
-2.292366269602178763e-01
-2.288775007858623312e-01
-2.292967006596570156e-01
-2.293549029059813726e-01
-2.295739518038444338e-01
-1.353259892928450281e+00
-1.358161636566257879e+00
-1.339400294428806648e-01
-1.340609700547666649e-01
-1.340609700547666372e-01
-1.340889506240353635e-01
-1.340953111461368474e-01
-1.341002144006740171e-01
-1.331422090896283439e-01
-1.331479345873434750e-01
-1.331364186358870993e-01
-1.331503132624892727e-01
-1.331527427643172112e-01
-1.331422090896283439e-01
-1.340698039470909209e-01
-1.358689803783124761e+00
-8.561057211632293329e-02
-8.560893455882247205e-02
-8.561070764466496841e-02
-8.562837656275512632e-02
-8.563544157833045956e-02
-8.564191883324691335e-02
-8.514811355414181326e-02
-8.515614336064777912e-02
-8.514622745671984738e-02
-8.515203095353510165e-02
-8.515406267542870167e-02
-8.515406267542870167e-02
-8.563699153889209326e-02
-1.358986771003127814e+00
-5.072196471939045131e-02
-5.403839580250175550e-02
-5.404099270872986249e-02
-5.404377456648199601e-02
-5.402981891354786959e-02
-5.406052855242975824e-02
-5.405324983302977476e-02
-5.404990110307537204e-02
-5.404736610793344637e-02
-5.406052855242975824e-02
-5.405324983302977476e-02
-5.405324983302977476e-02
-5.404674336064458490e-02
-1.358392252852161253e+00
-1.357240760645527788e-01
-1.381250270134150582e-01
-1.381185221619693759e-01
-1.381347891211983092e-01
-1.381417116937735112e-01
-1.381564065694540766e-01
-1.381472303484142794e-01
-1.381710592862933906e-01
-1.381380616900689529e-01
-1.381555179798248101e-01
-1.381591381004035057e-01
-1.381464610243997859e-01
-1.381413754260336357e-01
-1.357946376920224241e+00
-1.750746912073393169e-01
-1.794026040039816694e-01
-1.794008582158396203e-01
-1.794135603247585531e-01
-1.794295878176507819e-01
-1.794404862935990441e-01
-1.791963599305894106e-01
-1.792199974811475582e-01
-1.791855354380314791e-01
-1.792108289973753932e-01
-1.792062866844950086e-01
-1.791978141116564449e-01
-1.794331400947498933e-01
-1.356901653604089875e+00
-3.419311307613855377e-01
-3.547423835679109350e-01
-3.546977840594909281e-01
-3.547469646224353790e-01
-3.547584423406358600e-01
-3.547809073104795652e-01
-3.545130236613600050e-01
-3.545621116068858325e-01
-3.544716825484071632e-01
-3.545196939953277893e-01
-3.545353393579792622e-01
-3.545093432624428220e-01
-3.547399680429787483e-01
-1.357130981625145338e+00
-1.775781835479834647e-01
-1.845878282399904535e-01
-1.845581589360900110e-01
-1.845971694260636342e-01
-1.845941999083570428e-01
-1.846087264102270753e-01
-1.846019842306742542e-01
-1.846303509768389417e-01
-1.845807468398284468e-01
-1.846098605323551745e-01
-1.846150139600828688e-01
-1.846003087316271662e-01
-1.845883478990849313e-01
-1.356094065663823844e+00
-1.672168210005129663e-01
-1.715528776266189159e-01
-1.715190529160762756e-01
-1.715549371688568081e-01
-1.715653181319614085e-01
-1.715588656645721521e-01
-1.715830738724435367e-01
-1.715930230669276690e-01
-1.715675729279052819e-01
-1.715839485901611561e-01
-1.715866083597696323e-01
-1.715626367600770474e-01
-1.715352827406363134e-01
-1.292861677675326337e+00
-3.391749306287901167e-01
-3.391026306999760376e-01
-3.391519225468192511e-01
-3.391579216617389703e-01
-3.392038323057522953e-01
-3.389217083231788608e-01
-3.389516707476019630e-01
-3.388925877457512059e-01
-3.388854816131432468e-01
-3.389195514123117814e-01
-3.388791505437868112e-01
-3.391483152589910288e-01
-1.293450428128833041e+00
-1.261623878025253775e+00
-1.359282951144462404e+00
-8.559214153852465201e-02
-8.592381537135652947e-02
1.357643122586044138e+00
1.358332200622852870e+00
1.358710900430088575e+00
1.357882497496733842e+00
1.357256812632919640e+00
1.355292230062669745e+00
1.356331004148473074e+00
1.355218899639340613e+00
1.349639277620932942e+00
1.349529887021908126e+00
1.358969224504699591e+00
1.357107155702310886e+00
1.357287375497078896e+00
1.354394980311221852e+00
1.353499126434612565e+00
1.353501247993462941e+00
1.344306747407440383e+00
1.347254597247163010e+00
1.354862584706423734e+00
1.356246157992168966e+00
1.357855672086247134e+00
1.358287999318934736e+00
1.356420066030635807e+00
1.354598630413242244e+00
1.343799256097964356e+00
1.352604218757102128e+00
1.355503403167910514e+00
1.340424197608129697e+00
1.338346078659792715e+00
1.282335738137655723e-01
1.278604173230136198e-01
1.279181463906391147e-01
1.275654483466506228e-01
1.275811203016199435e-01
1.276093986516796674e-01
1.276374625459563983e-01
1.275878168899203802e-01
1.276460629312456685e-01
1.276504614420950201e-01
1.276132157872064687e-01
1.276549258490100591e-01
1.275983261789727652e-01
3.752541643051269804e-01
3.757920211383724562e-01
3.752533358409565478e-01
3.753124501346762343e-01
3.747437085308655269e-01
3.752162389780367979e-01
3.747673322785193273e-01
3.749176135500675300e-01
3.752669437056517232e-01
3.750476137386722364e-01
3.747913034028056423e-01
3.746254798264825325e-01
3.748719796749641064e-01
3.824293301757877850e-01
3.829638705418529909e-01
3.824381116140618819e-01
3.820935616953543557e-01
3.816673212921626868e-01
3.821365862030149940e-01
3.816975292701677569e-01
3.819753123682854135e-01
3.820587177818121072e-01
3.818456635036139857e-01
3.815821241747682224e-01
3.814274457470621105e-01
3.817913100161641760e-01
3.325469092838554963e-01
3.323079294438944231e-01
3.324578888470121618e-01
3.324792721538106233e-01
3.326575630622483626e-01
3.325994704713912675e-01
3.327178161029307191e-01
3.324870977670481009e-01
3.324641527052613621e-01
3.325780688171321442e-01
3.324266473081661788e-01
3.327682622846894755e-01
3.326232490403456254e-01
1.631620750856548341e-01
1.630860006719834499e-01
1.631600745164915600e-01
1.632029747771387707e-01
1.631813576659555398e-01
1.632659657233379025e-01
1.633030497125478042e-01
1.632107080330763016e-01
1.632691801571247159e-01
1.632790105893359434e-01
1.631906740602440398e-01
1.632757025138353579e-01
1.632241910054245404e-01
-1.356064622781721685e+00
-9.274170336980223084e-01
-8.785727112001927575e-01
-7.724025360134261220e-01
-7.736160101899587360e-01
-2.431752334220099732e-01
-3.140766750177359512e-01
-8.242660443529808978e-01
-5.922480614507090735e-01
-5.363667059229589862e-01
-5.383206205077830653e-01
-5.381278423642428255e-01
-5.313280708600186530e-01
-4.600217806995682279e-01
-4.547883431063614590e-01
-4.600210994862788394e-01
-4.598119824413651746e-01
-4.600214614562632698e-01
-4.602296402227892269e-01
-4.388930599171439462e-01
-3.010294407390365912e-01
-3.004325217828693884e-01
-1.531383702261179536e-01
-1.150952236263752537e-01
-1.176773511912351800e-01
-4.050650658875069587e-01
-2.634161995877382090e-01
-2.126588779171138810e-01
-4.396536188321348293e-01
-2.139430621184826853e-01
-4.393302418593018066e-01
-4.390025783322213937e-01
-3.640696937440924819e-01
-2.347109935749090992e-01
-1.169939147031947846e-01
-4.384598585636346746e-01
-4.395458896973160612e-01
-4.384592468511061547e-01
-4.392208724955722898e-01
-3.934347383249479080e-01
-4.394354188968482844e-01
-4.392185328263189525e-01
-4.390015054611985934e-01
-3.027829615207439651e-01
-3.026348913496013648e-01
-4.848506061909494957e-01
-4.944159891103392934e-01
-4.637624393717253435e-01
-4.657768246520090916e-01
-4.643358489821948765e-01
-4.655744963253359847e-01
-4.658492531330801767e-01
-4.653643784743118350e-01
-4.656139919862099519e-01
-4.950165906320148634e-01
-4.200667776619565474e-01
-4.055285891246436236e-01
-4.195174968753470068e-01
-4.119566646721455339e-01
-3.954777576882433365e-01
-4.183922093423160238e-01
-3.437290293600924751e-01
-3.439796640719045562e-01
-3.439777697014401725e-01
-3.437184482012239917e-01
-3.364218958315089436e-01
-4.198589067757951265e-01
-2.304999983109214390e-01
-2.305568295677023760e-01
-2.304869898636679459e-01
-2.304992193920011312e-01
-2.305237160770998162e-01
-2.304735020278764757e-01
-2.305417624562643431e-01
-2.305389328971196028e-01
-2.305277113132804534e-01
-2.305543153366052811e-01
-2.305574643175147542e-01
-2.314899055524633487e-01
-4.198574140929545728e-01
-1.495285363139182977e-01
-1.495213939909594558e-01
-2.309095986544105750e-01
1.350804913226576920e+00
1.349534781713937148e+00
4.189873362928541178e-01
4.191819410421880887e-01
4.188068493119782021e-01
4.187139394459552522e-01
4.188704538677319178e-01
4.186635806036394514e-01
4.187102235081051060e-01
4.187867032424930080e-01
4.185003936211434961e-01
4.188297907040202661e-01
4.188269498251533940e-01
4.187976294612173467e-01
4.188645426873194300e-01
4.185115162740190575e-01
4.183737207287390736e-01
4.187745710053497605e-01
4.185652173265246856e-01
4.190005626636156277e-01
4.189228885324454144e-01
4.190182899966248820e-01
3.422225182971263546e-01
3.424669314113442664e-01
3.425234281304512240e-01
3.421800162018974745e-01
3.431438686917126502e-01
1.349736601954468984e+00
6.235071652073709281e-01
-1.399164526443426315e-01
-1.435081059095418832e-01
-1.411498058111822496e-01
-1.406712980917416977e-01
-1.436590402534899391e-01
-1.426840744453054532e-01
-1.434154558561915871e-01
-1.432240182281181995e-01
-1.433830360684199556e-01
-4.162417359790672178e-01
-1.379356308402286124e-01
-1.506372837792937791e-01
-3.239907185490002450e-01
-3.402333301055265324e-01
-6.101987971320956827e-01
-1.913812973595559186e-01
-1.859749908097259874e-01
-4.648262559453434362e-01
1.344705963288422845e-01
5.912391710223218605e-02
-1.339475300437026339e-01
-2.815083726406192310e-01
-1.413801179278212639e-01
-2.968341622477397856e-01
-9.124914427023628205e-02
-1.649364227460215770e-01
-1.693112502966588329e-01
-2.495858038586334926e-01
-3.366522395276431712e-01
-3.745468046737199241e-01
7.936543816813890206e-01
5.677980612114466030e-01
1.922869393076599015e-02
2.596938253866058754e-02
1.443946837702757453e-02
-1.011128642170847775e-01
3.885439569523851011e-04
4.248790973094506707e-01
2.746228745207434652e-01
-1.129649025510244681e-01
3.757141265375562034e-01
-5.919073491975269247e-02
1.392376650801179991e-02
-5.117951349876073350e-03
-1.589201947771310686e-01
-1.138803955801791570e-02
-5.726560455929113891e-02
3.153792031410783403e-02
3.240700413981329603e-02
3.112786841788172526e-02
3.129259527824187342e-02
3.268846794070347922e-02
3.187577381944692312e-02
3.219791234427969023e-02
3.070930194346958506e-02
-4.586276903915639108e-02
-3.360032979962800787e-02
-1.473270344277717581e-02
-2.500680453434997799e-02
-2.127042810758550395e-02
-3.935154456258856126e-02
-1.561328144586107344e-02
-6.016468832295425451e-02
-7.006451233755164876e-02
-7.917967715969966014e-02
4.323993422581163572e-03
5.564390026965516847e-04
-2.401625486531092871e-03
-1.256102771307488842e-03
-4.693491930706450432e-03
-2.302108090121026719e-03
-4.778412874367709423e-03
-6.140036547017874331e-03
4.039833679325027273e-03
-7.489265193575644908e-02
-9.258894720525353075e-03
-5.310445999729323380e-02
-1.352313676135010301e+00
-1.334228563351162578e+00
-3.917341123001128467e-01
4.705724597788520369e-01
-1.160007284486177896e-03
7.622231407592469088e-01
-1.167385716402736043e-02
-1.747674923669437497e-01
2.679108970956493516e-02
5.207638491708446171e-01
-1.379216539325300948e-03
7.696514893771854160e-01
-2.010355933057854632e-03
-1.034589829903145519e+00
1.069968164512121456e-01
8.301086582441982720e-03
-2.312925596821504073e-02
9.380347896895350340e-03
-4.632050146932344126e-02
8.867647245007315854e-03
-3.930108418341099474e-02
6.311173439612324625e-03
-3.627665923781949603e-02
2.288740049324779202e-02
1.772737849284281280e-03
2.919681465890374208e-02
-1.781699872170484228e-02
-2.471840730646683928e-02
-6.129125157446941863e-01
-8.232361042192040679e-02
1.869341924021980794e-01
-5.886983807912022498e-02
3.036094083885346184e-02
3.831420094099104168e-02
3.459779171048045499e-02
4.673176548392717067e-02
1.509402836519175423e-02
-6.074349361769438432e-02
-6.885145031808109772e-02
-6.655598331635854958e-02
2.587236880005980288e-01
-2.305457192455086790e-01
7.565638562491190655e-02
2.501947617301874538e-01
2.324559834269877834e-01
7.886016384859893813e-02
7.853242978176251665e-02
7.854106254186732361e-02
7.852875733871264585e-02
7.819929786706110442e-02
-3.226104734909108762e-01
5.382139836716903075e-02
2.362104382416523041e-01
1.954133768173782135e-02
4.085942160980138987e-02
3.327130375970242804e-02
1.236637351070501468e-02
4.618739355353200515e-02
2.600242321275288426e-01
2.505841732450995174e-01
-3.790888152343356576e-02
1.840999962791071975e-01
1.116293941800978878e-01
7.424025680283673906e-03
7.424025680283673906e-03
2.028478506505455164e-02
-2.507853403623462318e-01
3.035848872488221620e-02
2.137157676888280788e-01
-6.547774467016206912e-02
1.098723626144865184e-02
-1.105389468339581793e-01
-1.167636102266138787e+00
6.482701294749233512e-01
1.198223768659866462e+00
1.863196920570525661e-01
1.863402237426655672e-01
1.620168180703571437e-01
1.620171569039849935e-01
1.620171451766533044e-01
1.620167438279270233e-01
1.620170990948020806e-01
1.620163566611601824e-01
-1.180411412657190601e-01
-1.038306711669420568e-01
8.737218080429928202e-01
8.616947349948221868e-01
-1.048752254754811153e+00
3.175174410674027562e-03
-1.039480587277333834e+00
-1.182882513887827169e+00
-9.645863384799234774e-01
-9.273548891352304535e-01
-1.169627414702257617e+00
-1.176917651520959368e-01
-1.197229151292353633e+00
5.378429293488011520e-02
2.100155754342799413e-02
1.109384838741047874e+00
-1.911064314180668799e-01
1.014083636443792735e-01
1.799040231412681878e-01
1.783340703180359352e-02
-3.285865544630360846e-01
-1.216979176389938022e+00
-9.342455647665638407e-01
-8.668953883424720397e-01
-8.506230615257884820e-01
3.249713948646290040e-01
1.539645316885296933e-01
1.537898607339174550e-01
1.534728551330397095e-01
4.589459019870428813e-02
4.691525869940326166e-01
4.653982934988649678e-01
9.211243758854726904e-01
-1.562497772700090215e-02
6.752599392145828272e-01
7.100140616677602656e-01
7.110994989427387170e-01
7.045844477922376115e-01
-5.524573380448470628e-02
7.802061443253549555e-01
7.797703019115445056e-01
7.105814724180976594e-01
1.356963802959286480e-01
3.074749433921014075e-01
1.010499634399764785e-01
1.011738028580353860e-01
1.027819083352266849e-01
7.103607835204743814e-01
7.113722662414628806e-01
7.087494151952334898e-01
6.857088224003683452e-01
5.846834904715623171e-01
7.085398641252157459e-01
6.258076124275516738e-01
6.812153683282832217e-01
6.894818640243248753e-01
4.552739857087415021e-01
4.438713102410381528e-01
4.235145245549800652e-01
7.110671455959640674e-01
7.110331115495764909e-01
8.743182834915342871e-01
8.615592519676867900e-01
8.614438783112557951e-01
1.360986618275407123e+00
1.361256579666461075e+00
1.361185707241324483e+00
6.525167868866625035e-05
-6.348108543328381294e-03
-5.648371477892143513e-03
-3.970621816586981101e-01
-7.664363116013842188e-03
-8.682586221500157575e-03
