-3.324553350769114957e-01
6.758310726750488273e-01
6.755991346879769432e-01
-3.315977771400405727e-01
4.180210908915507617e-02
1.250493557561920821e-01
-3.320081210011991968e-01
-1.702866802604525442e-01
1.807898863085532770e-01
-1.793540815185838411e-01
-1.871842111958137989e-01
-1.818029598028809146e-01
-1.813077475743355982e-01
-8.944520633903689510e-02
-1.801046535330400600e-01
-3.319966842813919516e-01
-2.383160801839465937e-01
-1.284107102250812982e-02
1.297079346268610323e-01
-3.319776681617228054e-01
-2.465964984871516982e-02
-1.101487559689208612e-01
3.219804434861344572e-02
5.918356120575227197e-02
-1.104920000737291130e-01
-4.022226290358558998e-02
5.967917207644101579e-02
-4.721761374006386985e-02
-4.455086295208231240e-02
-1.048620174897824664e-01
2.173733017329237613e-02
5.072747840739608161e-02
-1.051847431422728019e-01
-1.639510067471492208e-02
5.068854176359764707e-02
-2.362445295392118574e-02
-1.244570422793357806e-01
3.267744541764324578e-02
6.324255055117071478e-02
-1.249979199032441868e-01
-5.181541929060093365e-02
-4.803760058200749056e-02
-1.024546032193088957e-01
-2.187451009690440928e-01
3.975647055783715009e-03
5.157421405739175124e-02
-2.199539025919940161e-01
-6.070909922717815377e-02
1.167992220490201294e-01
-6.692239819212311702e-02
-2.823258460574395654e-02
-1.162876049442033294e-01
-1.819156667609284350e-01
-4.266725629002091069e-01
9.052969368944645268e-02
1.558919137345909089e-01
-4.305956148480633572e-01
-3.526366639709994089e-01
-3.075764561221053933e-02
2.424475083452967347e-02
-3.654124471814598762e-01
-7.561694713484805319e-02
-1.548650952080939946e-01
-1.719212614697705754e-01
-3.250850631082222164e-01
2.782553713194667599e-01
-4.432593131351874119e-03
-3.283511564060080934e-01
-3.296538292190246411e-01
-8.685842143330449461e-02
-2.327349985002231392e-01
6.412358165004741761e-02
1.165027347636888311e-01
-2.326166577054822326e-01
-6.604416340463820090e-02
-1.405490985742457143e-02
3.796589369546113368e-02
-6.601044039106362948e-02
-3.607067842692215226e-02
-9.952245753016873003e-03
-3.102253890809125378e-02
-4.344315888057925790e-02
1.219283578179452959e-01
-3.422366096886858555e-02
-1.273161485130727966e-01
-2.219664822979198690e-02
1.820953341507279555e-02
-1.276599367384602668e-01
-5.001475852143714290e-02
-2.829346013268792693e-03
-5.720957017517633650e-03
-4.526482065140439992e-02
-4.154619332274031573e-02
-1.012719778498390351e-03
9.500602978502517212e-03
-1.703095505150532818e-02
1.055490994421306589e-01
-1.277091019051654341e-01
-5.060319582942283956e-02
-9.546303038841356253e-03
1.271067071050427030e-02
-5.068738095392783666e-02
-1.410509183790801917e-02
-2.829346013268798764e-03
-2.829346013261226263e-03
-1.116542361979638333e-02
-1.035741841496927787e-02
3.348359933382092507e-03
3.388174647448435883e-03
-5.457405735720508196e-03
4.311575351229616354e-02
-1.428721380185106471e-02
-3.929261340331653002e-02
-9.490614410111092303e-03
-4.490896354962597373e-04
-3.963147116515355201e-02
-1.819901815416597596e-02
-2.829346013268791826e-03
-2.713786879941591530e-03
-1.824343308207671335e-02
-1.301021483451654873e-02
-2.920404768367532936e-03
-6.047980410035062870e-03
-9.847256266126877891e-03
2.052516295531183615e-02
-1.278083652295712302e-01
-1.272911209059790771e-01
-1.278771817962328361e-01
-1.276365138241154495e-01
-1.300041262506806683e-01
-1.279975919423796960e-01
-1.277060093791617112e-01
-3.418584902791856062e-02
-1.382434870456668990e-02
-6.001271620052810174e-03
1.379676387299522567e-03
1.047544405641801478e-02
-1.337804652787903947e-01
-1.116293418784087763e-02
2.003134139191648302e-02
-1.339580101293853520e-01
-4.288721594326914965e-02
0.000000000000000000e+00
5.112964333777592595e-03
-3.900098496295217876e-02
-4.108773865775017936e-02
1.410831940599947473e-02
1.917792048932460622e-02
-1.399357570382403666e-02
8.425948639214343727e-02
-9.445746681824690461e-02
-1.229447125206046577e-02
1.382643583581028533e-02
-9.476074930000109864e-02
-3.958323050480747063e-02
4.755847140641482514e-03
2.320391218918007453e-02
-4.020540605824553249e-02
-9.613926041926834642e-02
-1.704382570306599981e-02
4.067621543699021999e-03
-9.662498418036118142e-02
-3.658605695127759017e-02
-3.650876333656874473e-02
-3.594981325743124706e-02
-3.611614674905810896e-02
-3.577794425346039059e-02
-3.630569275947510832e-02
-3.611148549175232508e-02
-3.627094289065686816e-02
-3.622776222135018487e-02
-3.609367755594172084e-02
-3.617243115215312138e-02
1.509768495678788514e-02
7.748971686705139264e-03
8.295590921247429292e-03
3.690433427756489165e-02
3.690433427756489165e-02
-3.877401028021774942e-02
-4.289668167170003488e-02
2.756520941921139153e-02
3.689134290196067339e-02
-3.862454583291169419e-02
2.508673854379242854e-02
0.000000000000000000e+00
1.806177710276851353e-02
2.857454606231432659e-02
1.575111975496581995e-02
1.282546412282990246e-02
2.119570378944962002e-02
1.659638854241081082e-02
1.556531311599018523e-02
-9.865414223896921964e-02
-9.449004605005498214e-02
-9.555580746942984871e-02
-9.556857376543430316e-02
-7.344045109107076585e-02
-7.337554246059113661e-02
-7.341552144273169600e-02
-7.331842987637446352e-02
-7.327831018009402231e-02
-7.396508652731330347e-02
-7.343181255955412434e-02
-7.345254502494565074e-02
-7.371521135437587857e-02
-7.330105001919515195e-02
-7.330498027018642060e-02
-7.324698116292181760e-02
-7.329302456462921667e-02
-7.327366494181637713e-02
-7.329451905348596807e-02
-7.328555201062723901e-02
-7.353685239302037990e-02
-7.337367226101040862e-02
-9.664960223829981156e-02
-1.918136491573379718e-02
-6.255856427625525878e-03
-1.541736499563680501e-03
1.132139608861276389e-03
4.800183553396850447e-03
-1.025461502944104430e-01
-1.049021694041425978e-01
1.568561585839309269e-02
3.882405874271233764e-02
-1.023596454882035600e-01
-3.223301282731692169e-02
0.000000000000000000e+00
1.477691165459069263e-02
-2.912591841404434112e-02
-2.641991200637773887e-02
-7.087893722649328022e-03
1.694641755816599397e-03
-5.783345014731297584e-02
-2.831459982118946211e-03
-1.106308693967124682e-02
-6.511119844515633748e-02
-1.564263671897765315e-02
0.000000000000000000e+00
-1.283064297898483435e-03
-2.726852486569595821e-02
-1.311541858212353709e-02
-2.660827577082970283e-02
-3.232706016329226634e-02
-9.864848796391412211e-02
-9.952990866335421904e-02
-9.882734951202076790e-02
-9.900401606076544847e-02
-3.574454495712255098e-02
-3.582576352125912272e-02
-3.576083377550944020e-02
-3.626860762927203857e-02
-3.581606555742986031e-02
-3.575776369346835015e-02
-3.577311236822280222e-02
-3.574454495712255098e-02
-3.577219171540032411e-02
-3.576390368402899977e-02
-3.618286573459673222e-02
-3.575776369346835015e-02
-3.577437708855547849e-02
-9.929870831392088870e-02
-1.371629086605816346e-02
-2.291973731139391318e-03
5.257903020365084805e-04
9.727866624957567931e-02
9.727866624957567931e-02
-1.009352313734234730e-01
-1.003319662160232217e-01
-8.343314445803662327e-03
1.182139719613436307e-02
-1.008233280510213853e-01
-3.876643390790036198e-02
0.000000000000000000e+00
-8.187658615189825082e-04
-3.674510481823951152e-02
-3.196294741777045562e-02
-7.558897134525954797e-03
8.650070107116969095e-03
-8.737575181353690601e-02
-8.795725270433399356e-02
-8.784352550094687295e-02
-8.784350321165741715e-02
-9.027438452399550589e-03
-9.651462409582575730e-03
-9.391635213553947703e-03
-8.903587016094097542e-03
-8.979241924222289631e-03
-9.056286596696661029e-03
-8.930899067680979700e-03
-8.893893114217827842e-03
-8.913275013831477647e-03
-8.988892900211769774e-03
-8.921212837787835179e-03
-8.940579399291895268e-03
-8.859563892647021044e-02
-4.057767940024070707e-02
-1.875588844226883101e-02
-5.047350674320662603e-03
-2.807192772217887745e-03
-1.837109773010298748e-03
-9.037174392767238773e-02
-9.096995283623485196e-02
-7.668781302986402842e-03
1.451690144959613508e-02
-9.034483825343320174e-02
-3.552660594080596368e-02
0.000000000000000000e+00
-2.345324539629300422e-04
-3.300681983769881284e-02
-2.903016282876421522e-02
-7.516966945384598656e-03
4.733444551527033958e-03
-5.854790723249955753e-02
-1.170480704158452859e-02
8.114583993903730016e-03
-5.746594299384873844e-02
-2.052662466927692581e-02
0.000000000000000000e+00
-4.900706099344177315e-03
-1.862486993171704255e-02
-1.431430002454553603e-02
-3.223455767544140295e-03
-1.106058002688780880e-03
-2.854460449129142194e-02
-2.778486508045280301e-02
-2.810880616955501940e-02
-3.005751176510479059e-02
-1.063174088371882965e-02
-1.051315986313895896e-02
-1.051315986313895896e-02
-1.056668474346824683e-02
-1.060834344369254376e-02
-1.078666834994095915e-02
-1.065297226867776420e-02
-1.058627366321609684e-02
-3.029058442470078383e-02
-1.241252253662433920e-02
-6.777787999782940859e-03
2.591531944225164419e-02
2.591531944225164419e-02
2.591531944225164419e-02
-3.433911886630995614e-02
-3.434572349482539061e-02
4.687221311761693814e-03
1.361092564713604382e-02
-3.434342453668136341e-02
-4.567127096759921075e-03
0.000000000000000000e+00
4.512556830521785925e-03
-4.354013622771438913e-03
-4.648240983464733793e-03
-1.063252570562541431e-03
3.871268873373789714e-03
-3.160168067525149782e-01
-7.424025680277969268e-03
-6.893008595610729955e-03
-2.075454187240607928e-01
-8.565335672015257987e-03
-8.671970364019366065e-03
-1.163786514442857328e-01
4.900706099345050748e-03
-1.157740262760709599e-01
-1.164400175796852371e-01
-1.148718723369123590e-01
-8.847619110663748274e-03
-8.920081786153468556e-03
-9.619744880732487846e-02
-8.125728685749174923e-03
-6.274345168595991083e-03
-1.016025046251680802e-01
-6.524993940057460459e-03
-7.709645182327339204e-03
-4.354290384939941139e-01
-1.562243245174373477e-02
-1.477189790915391272e-02
-2.200043094219908124e-01
-1.025115282293665060e-02
-9.926422256736637875e-03
-1.265938928297969668e-01
4.599953415615256995e-03
4.988789584020575374e-03
-5.051147672291623342e-02
1.619332673187695061e-03
2.030904880965110799e-03
-3.885489193320986606e-02
-1.275373883369292083e-02
-1.275373883369292083e-02
-1.311791784744970879e-01
-3.254555659789759581e-02
-3.157630367757967293e-02
-9.346449958557302706e-02
-1.990792407838509054e-02
-1.911890604505090546e-02
-3.965705986626967550e-02
-1.625481763318053011e-02
-1.633897712197782473e-02
-9.530114054142872770e-02
-1.709682197970977674e-02
-1.646579372937420974e-02
-3.508446434865355318e-02
-1.551621336986777448e-02
-1.551256696419269290e-02
-9.718592201684689291e-02
-3.982334992175180777e-02
-3.574092601390205237e-02
-5.653392922267114207e-02
-2.229331148542670893e-02
-2.069653488332004465e-02
-9.810211965708877380e-02
-1.949175287176324253e-02
-1.865907126447591616e-02
-8.808584600847028934e-02
-2.049611949256700816e-02
-2.060059551247130777e-02
-5.674174701146944555e-02
-1.272909723626971037e-02
-1.346488390675192742e-02
-3.284433959859262009e-02
-1.748466807107112997e-02
-1.741796331660489666e-02
-3.526090406954000556e-01
-3.679936849379726871e-01
-3.680960117824928490e-01
-6.504135450446975331e-02
-7.226629303116438585e-02
-7.239373927725981095e-02
-5.025699533057828572e-02
-5.084667740424454740e-02
-5.081138706611978972e-02
-1.410835348863286390e-02
-1.449066376687231650e-02
-1.446661912938422730e-02
-1.814935361713350750e-02
-1.308702884806601900e-02
-1.308702884806601900e-02
-4.197735955803970354e-02
-3.242895096085520595e-02
-3.254641401106585230e-02
2.638183299564881082e-02
2.962335102830091979e-02
2.940938075970707041e-02
-2.881352974164652289e-02
-2.143458091244290070e-02
-2.184136168119150609e-02
-1.280328970789782785e-02
-4.377529020050444607e-03
-4.360543670094725079e-03
-3.866011210012718080e-02
-3.523566659980373328e-02
-3.522926939580106609e-02
-3.447549877217262471e-02
-2.990545845238944470e-02
-3.013176655871576543e-02
-1.880580313039388954e-02
-1.488844283252339917e-02
-1.524822156484123732e-02
-3.624913252787559121e-03
6.847366783650192176e-03
6.759622702656436360e-03
-1.692867058408103198e-01
-1.871765187504840500e-01
-1.872013792106846930e-01
-5.949234876624399926e-02
-6.988756491594064202e-02
-6.996907835790630581e-02
-1.606591044944610455e-02
-2.309231193699777529e-02
-2.316459989454251744e-02
-4.023762208875081986e-02
-4.686461578006786977e-02
-4.691617232624689660e-02
-3.247103832683553848e-01
-3.358916945147207844e-01
-3.360164209500319243e-01
-3.298854363952501978e-01
-3.359776709411262385e-01
-3.361107029632409704e-01
-4.262711152290905164e-02
-5.680574720531873789e-02
-5.688266164980949197e-02
-1.764657592598719085e-02
-2.849807161998103161e-02
-2.842325960560607503e-02
-5.513878388445876862e-03
-1.079426152391789809e-02
-1.076298850877415586e-02
-8.941369756393228660e-03
-4.050594456915086738e-03
-4.050594456915086738e-03
-1.102870268126908242e-02
-3.199710951107197048e-03
-3.338584538741491865e-03
1.965460566059034492e-02
2.138292281759142030e-02
2.117369910265570060e-02
-3.321586260853347516e-01
-3.325434176595535307e-01
-3.326710519969445778e-01
-3.184380891584239204e-01
-2.404336594986141995e-01
-2.410118290313849887e-01
-2.412341789354416066e-01
-2.377286171317258001e-01
-2.201202325178504005e-01
-2.203563030245437038e-01
-2.205604302600827349e-01
-2.088978528061821160e-01
-1.252664361447484442e-01
-1.250150932642899726e-01
-1.255854210087420098e-01
-1.159207167213478218e-01
-1.054675168139787012e-01
-1.053869988927734064e-01
-1.056909208200984829e-01
-9.942864386802370558e-02
-1.107688048629607847e-01
-1.106438915204560197e-01
-1.110491622808112561e-01
-1.020904317531046296e-01
-4.287538497652950698e-01
-4.297807007023297099e-01
-4.299946695833429811e-01
-3.915719276672239846e-01
-2.330130882959251248e-01
-2.332702160963833760e-01
-2.335767497782363644e-01
-2.155454383563588927e-01
-1.276695736061431996e-01
-1.276282057834560446e-01
-1.277164212744406890e-01
-1.261963675198224388e-01
-5.068432361994046342e-02
-5.058087210359573510e-02
-5.069577450993138779e-02
-5.042035384179237995e-02
-3.936989889585839481e-02
-3.596781871472518044e-02
-3.938917604349024409e-02
-3.401102430240782876e-02
-1.334842622880182406e-01
-1.280365277783421796e-01
-1.336098504547837407e-01
-1.215959322501102974e-01
-9.456308484582577611e-02
-9.237800809983143235e-02
-9.460859944307657698e-02
-8.952164753877886461e-02
-3.982242487440826317e-02
-3.570825387535454809e-02
-3.984749150816991464e-02
-3.353624751238869217e-02
-9.643111846204886761e-02
-9.418781522945225693e-02
-9.651112193759432689e-02
-9.050339642446642019e-02
-3.821152053306449414e-02
-3.769361031669227202e-02
-3.859596772441859641e-02
-3.174640885970740622e-02
-1.014745327106745532e-01
-9.659962187691854829e-02
-1.019704178782807197e-01
-8.649956446927142828e-02
-5.804542289481122441e-02
-5.220720565204248209e-02
-5.812989202401764449e-02
-4.831835489416579088e-02
-1.004275729746502421e-01
-9.804447469806706894e-02
-1.006034499266642984e-01
-9.267337579340809151e-02
-9.002606520680875302e-02
-8.751887789476534008e-02
-9.015189234162113152e-02
-8.309639897784353024e-02
-5.720107213845346261e-02
-5.597576406295213386e-02
-5.724557218420209259e-02
-5.457103937993805498e-02
-3.379537030285683502e-02
-2.770837118021225384e-02
-3.393081672430203061e-02
-2.395862151027936329e-02
3.324553350769114957e-01
1.919384826189932947e-01
1.870304000418962775e-01
2.204690600157421243e-01
1.005149085949280235e-01
6.978947861639057948e-02
1.163786514442853859e-01
3.150348403477173237e-02
1.254888764872848228e-01
4.591758261755819054e-02
5.212471881051985306e-02
1.056196798838265616e-01
2.520091350403780989e-02
2.362507629210593846e-02
1.109694328426181348e-01
4.249678880996560909e-02
4.745659406045413253e-02
3.471803634518798032e-01
2.054617560991041647e-01
1.995243753826520805e-01
4.295649452873006036e-01
3.663406234578769349e-01
3.360329276222074335e-01
2.333980114670891060e-01
7.084689909693989152e-02
5.686513166285902393e-02
1.277069691084503078e-01
5.079361677096861510e-02
2.833823813770112998e-02
5.069519250276623840e-02
1.458327556561790292e-02
1.096012441550689963e-02
3.938586811235302715e-02
1.886191030616507849e-02
1.224080749800774554e-02
1.335780501800652165e-01
4.257166849102219514e-02
2.288533624408072356e-02
9.459186011166061114e-02
2.145342922361578863e-02
6.649684367209337914e-03
3.983883717789213352e-02
1.378821400637828378e-03
2.829346013261159476e-03
9.650194443288775958e-02
3.749192214529528666e-02
2.172907234091430925e-02
3.851017948275851921e-02
-2.656174351119981736e-02
-1.497678054496792699e-02
1.019204772223964162e-01
2.981235961700973158e-02
1.756197057658716656e-02
5.812288934815171282e-02
1.340274553792032870e-02
4.735222660282723331e-03
1.005835827372274227e-01
3.928690549613070293e-02
2.002700682532524909e-02
9.012747837745467561e-02
3.500992092882249801e-02
2.260499246372529511e-02
9.429873411783343262e-02
3.710280869001029991e-02
2.321756234388589260e-02
5.723804986105684306e-02
1.946547263561981128e-02
1.401405285888657030e-02
6.411608175569900869e-02
2.295554162774032098e-02
1.433944494711353670e-02
3.389755761740876477e-02
4.080122965777862459e-03
-2.368966010137816061e-03
1.300052285161780452e-01
4.371839447796205258e-02
2.717459790262045233e-02
-1.295218375638987618e-01
-1.300741478993423794e-01
1.316184601339191185e-01
4.419030370408800340e-02
2.735296081548311414e-02
2.241019552149835781e-01
6.863920779999656274e-02
5.755013025538262966e-02
-2.234631136189549894e-01
-2.243293041086648065e-01
1.261599771884583943e-01
4.473910904281067080e-02
4.613480652840682567e-02
1.531987393421167798e-01
4.853196373435671174e-02
3.254920315357626159e-02
-1.526034152951155909e-01
-1.533140476181606426e-01
2.410096491604371560e-01
1.513049773659644048e-01
1.787851112622978744e-01
1.425764583278682218e-01
-3.062458631347092508e-01
2.107436199345986139e-01
1.100057461498988587e-01
-2.994052384578871351e-01
3.594830468976337734e-01
3.237768252182997575e-01
3.695561166163986999e-01
-3.237768252182997575e-01
4.233733861142964516e-02
4.910760894617940964e-02
1.012626004039966082e-01
3.887720815645612227e-02
-1.240243555014350699e-02
-7.296993573385406745e-03
-1.439632384710770943e-02
1.590470648610686072e-02
-1.150764488358124640e-03
-9.523668436968554980e-04
6.702537060592579643e-02
-1.682991340621734291e-02
8.160863807762113245e-03
6.124706535492498161e-02
8.249701419427668547e-02
1.034220728897289054e-01
4.915744311984155540e-02
2.461688998019231217e-02
2.760048521873264063e-02
1.386530281463384598e-02
7.678958181201764148e-03
7.472957545986605443e-02
3.415552513282910790e-02
3.904270565059537318e-02
1.567091238642382561e-02
1.096012441550690310e-02
-3.422954043809435867e-03
7.486364862065539305e-03
-1.711335521000102895e-03
8.003370976501557668e-03
4.001354638283571331e-03
4.161981733179930670e-02
2.444890669197289507e-02
7.328157866342389914e-02
6.512211272220667924e-02
8.664589788112397883e-02
1.066842870539936178e-01
4.271326655166317321e-02
5.650040127509431409e-02
8.849469166997293856e-02
6.964597103554609481e-02
3.632526547771517886e-03
1.587181676068357208e-02
5.658925948600375747e-03
3.856271121893396076e-02
1.327465073123305569e-02
4.900706099344048945e-03
8.003370976501559403e-03
3.632526547771522223e-03
8.873771149242410880e-03
6.326958735173123481e-03
3.608317790670210329e-02
4.900706099344049813e-03
1.020304569900358158e-02
5.169998661779796889e-02
9.897947616778532409e-02
8.428789157402739179e-03
4.761026550045288630e-02
5.723804986105684306e-02
4.676316157620120928e-02
6.019770505101177532e-02
9.385172368131487752e-03
2.459358812442515030e-02
1.923580179976357857e-02
-1.711335521000102895e-03
6.930931549449999805e-03
1.058834019091085474e-02
2.829346013261158175e-03
-5.249506569572599292e-03
2.362498442204863586e-04
7.486364862065539305e-03
0.000000000000000000e+00
4.001354638283571331e-03
4.998679929241335584e-02
6.380134720441432705e-02
2.829346013261158175e-03
5.962179532630648010e-02
3.136146876396207761e-02
1.881829402264437179e-02
1.176371732043898603e-02
8.003370976501555933e-03
-1.711335521000101594e-03
-1.711335521000103979e-03
4.432593131351678963e-03
7.279462435662658291e-03
1.351646393347814314e-02
8.948287418092001205e-03
6.774265999642960223e-03
1.782961221809547039e-02
1.311027520489639261e-02
1.920082099440880569e-02
-2.657814012464775333e-01
-2.058313288694360310e-01
-2.698238402495819477e-01
-3.086736237318303266e-01
-2.969689660122614705e-01
-1.668285213505137921e-01
-2.791698966385778302e-01
-5.297728071547390394e-02
-4.958637412008724127e-02
-4.169766561620996681e-02
2.437034592360644292e-02
-3.330329807624197308e-02
-1.302151310546478535e-01
-2.875387114831594593e-01
-3.747259383815847167e-02
-2.752162553907075079e-02
-2.201562659622121124e-02
1.407553198156274131e-02
-1.458619038624441311e-01
1.774000029569331172e-01
1.390905356319214192e-01
1.686093975103683806e-01
-2.156036741972032489e-01
-3.029925948278119896e-01
-1.449980107273682872e-01
-2.138710691121225582e-01
-6.675222601404263989e-02
-1.663695149964818654e-01
-6.564848285104978032e-02
-1.077530207142926993e-01
-1.641880533916270368e-01
-3.206037780158574324e-01
-1.197326403294030478e-01
-1.980881111534927574e-01
-5.871302154724299810e-02
-9.840004604891637585e-02
-2.452468517138741907e-02
-3.539393549657145199e-02
-1.543429642035653616e-02
-2.902975814884981715e-02
-6.443975998522824544e-02
-1.126286888161649041e-01
-5.409150933791675303e-02
-8.211111198063814065e-02
-2.661263440853918819e-02
-3.534997345205740521e-02
-3.696584685388114994e-02
-7.640634168474472188e-02
-4.436130627165349970e-03
-2.652012012779940420e-02
-1.595996903745878007e-02
-6.610467810362964658e-02
-2.658630094891079043e-02
-4.676937089767765204e-02
-3.721090898109939010e-02
-7.035468431446749438e-02
-4.241512751318578245e-02
-7.413766653476552837e-02
-3.371799406943941368e-02
-4.823316330664077778e-02
-9.813655437003340753e-03
-2.193861688192769860e-02
-2.790537117050215232e-02
-8.571493508358227209e-02
-9.517294915979547520e-02
-1.796440204000366303e-01
-3.763773994272393703e-02
-1.067873927159179864e-01
-3.325697338357208599e-01
-2.185021910295541214e-01
-5.068079864787074056e-03
0.000000000000000000e+00
-1.110932348306564871e-01
-9.826858564719470612e-02
-2.829346013268795295e-03
0.000000000000000000e+00
-1.057820096376673596e-01
-1.038014394821670100e-01
-2.943521752197729609e-03
0.000000000000000000e+00
-2.205246745589262425e-01
-2.014460137928893169e-01
1.741221027648250704e-03
0.000000000000000000e+00
-1.163059134650142462e-01
-4.309808412202992267e-01
7.156113636710833767e-03
0.000000000000000000e+00
-3.534195576019713569e-01
-3.690365804114745241e-01
-8.017887019244579472e-02
-1.887028980107922915e-01
-2.071337630786005413e-01
-2.327707658892817777e-01
-3.362339271177587109e-03
0.000000000000000000e+00
-6.711765068557699887e-02
-7.275961067157928064e-02
-3.738632413182196162e-02
-3.138692796879583718e-02
-4.752787196682919935e-02
-1.275708670883329010e-01
-3.062189963629454326e-03
0.000000000000000000e+00
-5.051234088778730480e-02
-5.071451596090395531e-02
-4.234587641551532805e-02
-2.112616268431792912e-02
-1.733476517277011270e-02
-5.054391947125691509e-02
-2.945869645964043371e-03
0.000000000000000000e+00
-1.442200062388562451e-02
-1.459118893860559575e-02
-1.081053893788226986e-02
-6.925139654125514466e-03
-6.929101712106940265e-03
-3.936465449144866541e-02
0.000000000000000000e+00
0.000000000000000000e+00
-1.835401924200783311e-02
-1.942421448138153747e-02
-1.318657545922926819e-02
-8.893867850254222676e-03
-1.005219473747805473e-02
-1.342066797995330185e-01
4.933142568295775625e-03
0.000000000000000000e+00
-4.331043142070267749e-02
-4.062147462678778603e-02
-3.903049282531199232e-02
-7.536799438922250384e-03
-1.056874546479654071e-02
-8.513070644958614652e-02
-3.797638156247261365e-02
-8.037368549870002599e-02
-3.968705688865407227e-02
1.100519516207987790e-02
0.000000000000000000e+00
2.470889969071664999e-02
2.544453624601182920e-02
1.564315625472540924e-02
1.251285877089795828e-02
2.096506369030965572e-02
-1.003345215153920028e-01
-1.438356550028544801e-04
0.000000000000000000e+00
-3.030603633812149408e-02
-2.625059118350574899e-02
-1.407069040651585771e-02
-9.336868423408611894e-03
-5.830014623607204793e-02
-1.502046157921863544e-02
-1.137294050331418352e-02
-7.416465711667552703e-03
-6.208838383534908203e-03
-1.006285782516694316e-01
1.667578556606497510e-03
0.000000000000000000e+00
-3.961030195951820154e-02
-3.237453834876782149e-02
-1.971705444084670064e-02
-9.859709490371423510e-03
-7.955649329791963931e-02
6.745597677432059111e-03
0.000000000000000000e+00
-3.137609037551020857e-02
-2.790940407616949656e-02
-1.576783935644488280e-02
-4.654769964721442062e-03
-5.840822916457878017e-02
-2.098433572678952072e-02
-1.472077894496361464e-02
-1.161877428362714446e-02
-9.295394654326657319e-03
-3.341500801406709076e-02
4.428206410987550919e-03
0.000000000000000000e+00
-2.834564819852086314e-03
-1.699294611127235470e-03
-3.392264178545237926e-03
1.143269892125624168e-03
-3.963740655628958387e-02
-2.515714823113559054e-02
-3.964414556335443818e-02
-3.310769441922664647e-02
-3.976297760701878042e-02
1.946221864031054058e-02
1.915374464301606086e-02
1.971926787640384746e-02
1.971926787640384746e-02
3.539131981064184973e-02
-2.890746657415145179e-02
-5.766630679702309387e-02
-1.934759262941059682e-02
5.345655301666513148e-02
-2.947896523281325412e-02
-2.956799352774138953e-02
9.963943226184953858e-03
-4.122390916934847577e-02
-3.638096856749584163e-02
-7.893686086924093376e-03
-3.559289800048706653e-02
-4.895231675992201339e-03
2.537055383871027192e-02
-1.169942820398481818e-02
-2.362498442206117195e-04
4.770889411061011130e-03
-1.134969743245941957e-02
3.360121968776291074e-02
3.672734657113532752e-02
-7.720792375545154629e-02
5.362168799705491554e-03
-1.277403778693614600e-01
-1.189662616279011167e-02
-1.173761552037672941e-02
-2.572672566187258342e-02
-1.549721172060245476e-02
-1.005740060373683069e-02
-7.420897276569515637e-03
-4.806711345270119756e-03
-3.866270454362228520e-02
-3.865886606323876845e-02
-3.865392930987248538e-02
-3.865949815080979568e-02
-3.792587499501265391e-02
-2.647163796992707194e-02
-2.302043586175644627e-02
-1.063029716376761268e-02
-1.874220867299577348e-02
-2.799843998190162594e-02
-1.315567096876120098e-02
-2.183176016445928166e-02
-1.847246533866585272e-02
-8.442222655808641341e-02
-4.480166295487977846e-02
-4.754439303094841474e-02
-8.620625615283043514e-04
-3.668837783419892206e-03
-7.804147977691284696e-03
-3.364104272254457833e-03
-2.446849904981044602e-03
-2.977838115579399796e-03
-3.381286390715605022e-02
-3.188842329477550863e-02
-6.841138858802955913e-02
-9.056999374971563821e-02
-1.848755270987996469e-02
-3.720719313128394157e-02
-9.454953529276366453e-02
-1.927606931301496448e-02
-3.753141359565900087e-02
3.815020958931501782e-02
3.846603949789158955e-02
2.915691552477688367e-02
2.539687234203998750e-02
2.549222952387263444e-02
2.657349217496763824e-02
2.211619023460868402e-02
2.352436457201513217e-02
2.559506594815450647e-02
3.312957477710087167e-02
8.437269414056465522e-02
4.185732367364889545e-02
2.297578996551813760e-02
4.474887304076814037e-02
1.639296635805680136e-02
4.146808315622651370e-03
4.748456179568422142e-02
2.147008648804138616e-03
4.898654661283808644e-03
1.659013534096877296e-02
-1.711335521000103979e-03
-5.249506569572599292e-03
3.275066726616768231e-02
1.344659012030964378e-02
2.362498442204851660e-04
6.803475426133198667e-02
1.077618935866822558e-02
5.795726072747344783e-03
3.149372972658961295e-02
8.269675289163688423e-03
1.378821400637825559e-03
-3.226139749205399893e-02
-2.833839686278877279e-02
-2.706834740736732345e-02
-7.325263895926993618e-02
-7.044718069841407471e-02
-3.217257594640376972e-02
-3.716736437990437320e-02
-2.475118131186145390e-02
-2.648427334738506431e-02
-2.246674226644777492e-02
-2.982695768826082797e-02
1.292262594442647634e-02
-1.616079139578839932e-02
1.160705609314010428e-02
1.379515996298935968e-02
7.763943115943369201e-03
-1.095159529202246844e-02
-6.577522778180243390e-02
-4.627763080844540799e-02
-4.808013043758844508e-03
-1.030695862109177047e-01
4.087388887185259417e-02
1.496140284879117488e-02
-1.734058342336420450e-02
8.677741928385902803e-02
5.391708972951357592e-02
1.050565260791495037e-01
7.641062225626045479e-02
1.128289371293542814e-01
9.655319897882926050e-02
2.684445935291656857e-02
2.254038270815352310e-02
4.182811269872811766e-02
1.708106783650820484e-02
2.335120507773846398e-03
8.542348903959889536e-03
2.727252327522165093e-02
7.118406588862704991e-03
-3.094278183357211665e-02
-1.384139338428137522e-01
5.521598420167371513e-02
8.452876445725437948e-02
-1.384557061829243541e-01
1.915992712464829537e-02
-3.020678097632903056e-02
4.005099638997402546e-03
-8.123232042888740498e-03
3.663409042899245203e-03
-6.830321619547538581e-03
-6.714765761339268335e-02
-6.289035456591283990e-02
1.586046249704190295e-02
1.947971678272265774e-03
-1.795012430667189407e-01
-1.795687536971453946e-01
-1.798326001552533193e-01
-1.802327484747382746e-01
-1.802362027682118673e-01
-1.803089166481129102e-01
-1.726158336754769485e-01
-1.797517690834381787e-01
-1.799640284059739470e-01
-1.796558178745515377e-01
-1.797791555379860684e-01
-1.795111560797391925e-01
-1.798301730061856452e-01
-1.798178259050819128e-01
-1.796513420670362293e-01
-1.797954200507375921e-01
-1.799717014847510843e-01
-1.799160768097792240e-01
-1.798915552896176995e-01
-1.802752957659015387e-01
-3.569906587566897271e-01
-3.012351955282234206e-01
-3.563380465429947797e-01
-1.407923221752691578e-01
-3.569974990399180093e-01
-3.259972409286459594e-01
-3.567666816428566867e-01
-9.855626143469248257e-02
-2.823449083481956445e-01
-1.641308474724236521e-01
6.480034253017968870e-02
-3.568851167562568927e-01
2.696502595725785989e-02
-3.434834212607755233e-01
1.066276002179633309e-01
-3.568905813782934922e-01
-3.569020376565672503e-01
-3.570215195228127469e-01
-3.570002986458499783e-01
-3.569158540072661090e-01
6.173802586357655942e-02
-5.776705919514006637e-02
-3.887505502578664229e-02
-5.794584638919899472e-02
-1.371364657641471231e-02
-5.784189910830939141e-02
-5.572491592951037825e-02
-5.793660822656079845e-02
-1.299658052891804715e-02
-5.800413009397724362e-02
2.485433813223942093e-02
-5.586988060823854657e-02
6.908058030017247275e-02
-5.782720595161516819e-02
-5.787284694619233838e-02
-5.786457052607014984e-02
-5.779034579248697873e-02
-5.780894748273813361e-02
6.299070425796669814e-02
-4.571430769702598124e-02
-4.198621798003972228e-02
-4.572967934909780846e-02
-1.123681197720348413e-02
-4.572093643764300885e-02
-4.172001144413897689e-02
-4.572250256010815944e-02
-1.796658703679755026e-02
-3.358697821097058472e-02
-2.809875835768086902e-02
9.801537277048424923e-03
1.589059238135638250e-02
-4.562349650239019838e-02
1.237141364078420472e-02
-4.387214593726796591e-02
4.241629839694426030e-02
-4.603104178117662509e-02
-4.602765226627355405e-02
-4.571606344570874891e-02
-4.570771560372483694e-02
-4.571448738909121567e-02
1.529758724471612374e-02
-1.941490259048163011e-02
-6.743303323812240881e-03
-1.939734621923090013e-02
-1.510694650842517826e-02
-1.940299693395635197e-02
-9.035196003045406488e-03
-1.940754456905717171e-02
-1.857584867117481608e-02
-1.324029662251259218e-02
-1.908868342115766642e-02
-1.634848705560046356e-02
-1.941334396373490395e-02
-1.605901375121914984e-02
-1.157223926659453964e-02
4.050118774662963238e-03
-1.940612100228842826e-02
-1.940789474632321696e-02
-1.919812268966639146e-02
-1.939005643366359735e-02
-1.940533970292355331e-02
-1.557907441624169220e-02
-1.843716509391951988e-02
-4.120077752812580790e-02
-3.802700253429162208e-02
-4.095512570087614379e-02
-6.280597214015140421e-03
-4.119913323795337812e-02
-3.846389194343392132e-02
-4.115435607319418987e-02
2.399086500480897863e-04
-4.125510757696481540e-02
1.799568674783462788e-02
-4.024181339443391736e-02
5.254618618810128622e-02
-4.101846870366770287e-02
-4.094129409186154922e-02
-4.103218883048914689e-02
-4.103434273398094689e-02
-4.104137740372367643e-02
2.733894535833027509e-02
2.859910466756965600e-02
2.720109010909798827e-02
2.773607843453049573e-02
1.587498974783538991e-02
2.830452873523282842e-02
2.700453332894201322e-02
2.839492040414231394e-02
3.266679389823194668e-02
2.802623523534805358e-02
1.047083757506967784e-02
2.762736625132581475e-02
4.416703236792198818e-03
2.801875682366846906e-02
2.801041666013990086e-02
2.859910466756965600e-02
2.859105746997759809e-02
2.831036354427248630e-02
6.190334156211434007e-03
-2.875984142010545516e-02
-2.421136611822746754e-02
-2.930689771391760054e-02
-8.737551274660406916e-03
-2.910525286201373976e-02
-2.228436828947959539e-02
-3.029635895066220067e-02
-5.972554398883335794e-03
-2.828880614899586740e-02
-1.330359796047006667e-02
5.512099323145301655e-03
-2.898571836888849326e-02
9.702786733058301263e-04
-2.673752104668112792e-02
2.355754497430145519e-02
-2.899231300373060483e-02
-2.915176921234931967e-02
-2.882829863139873064e-02
-2.874887097187746321e-02
-2.883602456095029840e-02
2.735071459340264986e-03
-3.683710527154975684e-02
-3.554997110300663066e-02
-3.749222222797834320e-02
9.790576861992011676e-04
-3.700228606091711392e-02
-3.540836296883318607e-02
-3.681207385334107213e-02
-3.495706755968710274e-03
-3.684952919539543487e-02
1.106369602757516571e-02
-3.553581658870973853e-02
5.249035467477011080e-02
-3.684527680676553951e-02
-3.683908691536375707e-02
-3.684522977798398297e-02
-3.683851972543365078e-02
-3.684711944016377111e-02
1.736309620645381385e-02
-4.316357481634107429e-02
-4.015227617804009719e-02
-4.319399438996780055e-02
4.818659872222325925e-03
-4.323703685578447753e-02
-4.082814412665243531e-02
-4.312636969483013560e-02
-2.413651383569643660e-03
-4.123827486332753284e-02
-1.039138878393605810e-02
1.145528073810008797e-02
1.670469643989170097e-02
-4.330461835144312072e-02
6.301998500049510975e-03
-4.117001614507946605e-02
4.397154852841119593e-02
-4.337774520347536383e-02
-4.315519934885054393e-02
-4.337459479464110534e-02
-4.315789525995825798e-02
-4.316261949761410199e-02
2.325780326615549745e-02
-6.005297765100469504e-02
-4.108269303557227081e-02
-1.369717146822380278e-02
-1.299450202882014571e-02
-1.367489238440570097e-02
5.356018119998316555e-03
-1.370242071897117067e-02
-1.251855616240033983e-02
-1.392992302699665001e-02
3.738321421830094905e-03
-1.545417550122729113e-02
1.357135854960830846e-03
2.622220694132710705e-03
-1.412970281015646368e-02
1.052115023259623389e-02
-1.316782010557590414e-02
1.878643259786345887e-02
-1.369565823994336323e-02
-1.368364735446658126e-02
-1.369565823994336323e-02
-1.369334104121524946e-02
-1.368364735446658126e-02
1.365406844958194470e-02
-1.796765951943417872e-01
-1.694931145004921202e-01
-1.795980067691180793e-01
-1.801761656209975027e-01
-1.798326001552533193e-01
-1.828026886280068319e-01
-1.802620972738868121e-01
-1.751818546262554899e-01
-1.802357052009101734e-01
-1.676826009519042926e-01
-1.799557659320735747e-01
-1.631074327168904881e-01
-1.799640284059739470e-01
-1.764878674408364989e-01
-1.796558178745515377e-01
-1.815121637333642624e-01
-1.797489746303778946e-01
-1.698382054830309129e-01
-1.795111560797391925e-01
-1.695177644440286346e-01
-1.798302103248914097e-01
-1.631455463977463383e-01
-1.799058020217093046e-01
-1.596341187581225007e-01
-1.797099993189169298e-01
-1.717629119596693066e-01
-1.798831196345265226e-01
-1.631246370253522926e-01
-1.798830746977239659e-01
-1.741156843543963662e-01
-1.799160768097792240e-01
-1.695177644440286346e-01
-1.801257952767207071e-01
-1.685533896490051531e-01
1.877788252304078975e-01
1.153465545956015165e-01
1.242386695001264224e-01
1.378582351088319113e-01
6.650658234232915966e-02
1.605280995053394444e-02
1.538026837264832442e-02
9.802627944743038529e-03
1.920146766357641241e-02
-9.561093458942392445e-03
1.459104168531249156e-02
4.900706099344049813e-03
9.912541153484753093e-03
1.020303927679669376e-02
2.550629776273239183e-02
2.543589163214078630e-02
2.367959436904764486e-02
1.937422740477791339e-02
6.464842793342993887e-02
2.144168407835960605e-02
6.572450861323957116e-02
6.236738126231795333e-03
1.265653388024188045e-02
5.174104702782796050e-03
6.326958735173127818e-03
-2.284017183434900681e-03
-1.124959449381950603e-02
-7.424025680283774520e-03
5.259331726397547917e-03
9.828819213227087820e-03
-7.561980818161858839e-03
8.268410463848510292e-03
7.863381680812832342e-03
7.374081313986254743e-03
5.561768897311999971e-02
4.464380246394678529e-03
9.454488582289971577e-02
1.696221012889809199e-02
1.990845771837380235e-02
9.615533327159933585e-03
2.021950674001952997e-02
-7.817054980873471351e-03
4.298573608539271035e-03
-8.993849752902512628e-04
1.118714815253837001e-02
1.401405285888655990e-02
1.593657406140790156e-02
2.567245548086288104e-02
2.027674000968470933e-02
8.636243048264510835e-02
2.125431556887986614e-02
-2.140578682013836997e-02
-1.342222556753266960e-01
-3.626563927975517965e-02
-3.642408622676547580e-02
-3.622763494072193946e-02
-3.636158067085190626e-02
-3.638249869539771780e-02
-3.625160759197177535e-02
-3.657550492165160400e-02
-3.633580799816070461e-02
-3.621878516881097548e-02
7.234347268461026326e-02
-3.630483823311214664e-02
-3.626388211878803919e-02
-3.625597436339181301e-02
-3.620873342914218002e-02
-1.701107586846100153e-02
-2.094123730267530639e-02
-1.056142889242190838e-02
-5.776092971893009853e-02
-3.560964885846814587e-01
-3.111782586844192774e-02
-1.753360990023445157e-02
1.780210516967820414e-02
-3.660004095423249892e-01
-7.343128018323095973e-02
-3.475283666874676713e-01
6.015937176204715596e-03
1.436900356349208110e-02
-6.555087691481634171e-02
-4.110244155030928770e-02
-3.257728741513538778e-02
1.685293003052592414e-02
-3.085258989102742863e-02
-4.229083528851318441e-02
1.410083610446364287e-02
7.843475066467255064e-02
1.400582095485052199e-02
-4.505153541738241701e-02
-3.310041565430489607e-02
-7.464105747254922395e-03
1.167816890924217770e-03
1.049416743614567521e-01
3.396400441952817512e-02
-4.363577195662009939e-02
-5.379742312664753667e-02
-4.215820006864370167e-02
-4.247238132662438381e-02
2.311875971038252278e-02
-4.990603822770955239e-02
-4.228332836574054399e-02
-4.221113219278978257e-02
-4.219318740383572186e-02
-2.933801049201313627e-02
9.952035686243720924e-02
9.760247050241928346e-02
1.085904969789851238e-01
8.578349593834748432e-02
2.150765747140465783e-02
1.191954899600088658e-01
2.152384520237045351e-02
9.226288604917479153e-02
9.935775301816562877e-02
1.193890435828268981e-01
9.410674557430839804e-02
1.151382927014392432e-02
8.052756410002157028e-02
8.241831999005777565e-02
1.204496719858949294e-01
8.137087857051364392e-02
8.060207719618563138e-02
9.374243521687310177e-02
9.456464253525084795e-02
9.746303623081759016e-02
1.217660613412201720e-01
1.217272172123584906e-01
-2.873931054398022253e-02
-2.858614122524693116e-02
4.586951412804382566e-02
-2.882463671669739658e-02
-2.837226735229568877e-02
-2.231333954592991733e-02
-2.245209657462142461e-02
-7.216241996585931462e-02
-5.069780203836828786e-02
5.683407720915031880e-02
5.677578880027729646e-02
-4.148035336909693810e-02
4.399556714491322656e-02
-2.337455128871284149e-01
-2.154400206234234894e-01
-4.657201805254054111e-02
-1.318717946807870453e-02
-2.153093305948708125e-01
-4.534673275862596831e-02
1.124005075790174280e-02
-1.658050120660377325e-01
-7.278280299760819805e-02
9.129869267855340864e-03
-9.689317465059338330e-02
-1.503852647252634485e-03
2.170568145790087444e-02
-1.024285505005887997e-01
-1.956406383635973453e-02
-7.960994913861015770e-05
-1.979551581883216560e-01
-8.068441176951873794e-02
-5.053666010182793905e-02
-9.688723108561717035e-02
-5.560535546056476902e-02
-1.217559305830224342e-02
-1.225688045809429916e-01
-4.828614526413606972e-02
-2.418806459943768916e-02
-4.878178965341645190e-02
-1.358978006084501054e-02
7.730946991667152950e-04
-3.698032534937931159e-02
-1.789250489556762705e-02
-1.192707759659816964e-02
-1.309633300926748012e-01
-4.342809406073763062e-02
-2.182089888495540933e-02
-9.393877095745052641e-02
-2.651371310522508337e-02
-7.767332666290916593e-03
-3.957729786804004696e-02
1.439754092770919539e-03
1.746837035806083141e-02
-9.287333480069594194e-02
-3.675847347624082440e-02
-2.208752004111343842e-02
-4.499024926002537922e-02
2.306022423051693609e-02
3.121967054886261306e-02
-1.033693786111131718e-01
-3.757849519964245183e-02
-2.500041053710162428e-02
-5.806923514547831372e-02
-2.025741019419275563e-02
-2.586791199693659615e-02
-9.774255990567178032e-02
-4.383804861073920672e-02
-3.094950675121056413e-02
-8.774025757192349673e-02
-3.341753070545135096e-02
-2.088768874442349308e-02
-3.579503287046349042e-02
-6.708101642789293662e-02
-2.245558705798963300e-02
-8.186251814288858855e-03
-3.549725848203443695e-02
-8.895650574890220236e-03
-3.004343644077531791e-03
-2.755094509919169682e-02
1.500160364050449023e-03
3.560880432699137579e-03
6.058112732421500057e-02
6.094180818849399134e-02
-1.310538174664755556e-02
-1.305380484136306994e-02
-1.308157572618568430e-02
-1.307165233472840950e-02
-1.368505004481891316e-02
-1.344772146351111246e-02
-1.303523052565107483e-02
-1.336773769844660370e-02
-1.308157572618568430e-02
-1.279080206599948581e-02
3.478858066539843030e-02
-1.454952463457021006e-02
-1.411128827835391591e-02
-1.396106551614562791e-02
-1.399167998417518224e-02
-1.425364118117687824e-02
-1.404049844637652103e-02
-1.398101898111776820e-02
-1.400901539899341262e-02
-1.399167998417518224e-02
-1.395045803210122858e-02
4.139564442946411932e-02
-2.646457497423626570e-02
-2.445541464690000055e-02
4.466899553228102088e-02
2.498996542453050737e-02
-1.328751996342764433e-02
-1.319761821177693403e-02
-1.325685568290079462e-02
-1.326502983384611999e-02
-1.304742363517013594e-02
-1.347384096588836663e-02
-1.327936849132075985e-02
-1.352223070727967894e-02
-1.325685568290079462e-02
-1.325176459616957646e-02
4.593772442132110223e-02
-7.533392075725657382e-03
-7.695103409140893053e-03
-7.646329875585763935e-03
-7.646329875585763935e-03
-7.695097347284981723e-03
-7.755695407664618159e-03
-7.646329875585763935e-03
-7.634328268363441833e-03
-7.658541895055167616e-03
-7.634192331448878474e-03
5.719397230638850055e-02
-3.136261565943150587e-02
3.242560649761864339e-02
-2.559967503002716707e-02
6.339773888018719605e-02
-1.045244530827923318e-02
-1.030403924454100471e-02
-1.029434555852553473e-02
-1.030403924454100471e-02
-1.018079261146447381e-02
-1.056632889639079476e-02
-1.032918217888176803e-02
-1.037171190965946455e-02
-1.030403924454101512e-02
-1.030209473579710502e-02
4.515238878719303461e-02
-3.407492448205279561e-03
-2.686415748866599965e-03
-2.686415748866599965e-03
-2.686415748866599965e-03
-2.750027296154823261e-03
-2.736627206622587252e-03
-2.703286384175562947e-03
-2.699659176027562838e-03
-2.686415748866599965e-03
-2.703286384175562947e-03
5.549350292488531428e-02
-2.076321402650203873e-02
4.085437131979993697e-02
-7.467381099747760764e-03
5.414856336551901461e-02
-9.414311413238802412e-03
-9.521419718086726949e-03
-9.388692462788259668e-03
-9.521419718086723480e-03
-9.376534600963777610e-03
-9.412961798433275296e-03
2.139455954887148001e-02
2.067649076717762151e-04
1.425480751640529242e-04
2.927372993100113454e-04
4.287357586344654222e-05
2.927372993100113454e-04
1.844803230848554142e-04
2.730022687951869087e-02
-1.715370287961894002e-02
2.053611338725253380e-02
-7.421982193907781904e-03
3.260720528536539126e-02
2.430844359089064620e-03
2.285045236686387374e-03
2.285045236686387374e-03
2.285045236686387374e-03
2.088305972159583673e-03
2.303232036975994424e-03
2.358243015118790652e-03
2.285045236686387374e-03
2.285045236686387374e-03
2.175619714862924228e-03
4.791803763469744751e-04
-2.077167691402191131e-03
-2.031160848917414833e-03
-2.031160848917414833e-03
-2.076796262899942812e-03
-2.031160848917414833e-03
-2.031160848917414833e-03
-2.031160848917414833e-03
-2.031160848917414833e-03
-2.031160848917414833e-03
-2.031160848917414833e-03
5.219364232177213861e-03
-6.394569060752326901e-03
6.163835864914986307e-03
-8.844330670247891116e-03
7.063044053837100669e-03
-1.874581626783797805e-01
-4.304760065493706822e-01
-1.274362670005427522e-01
1.138315618761717718e-01
9.089994318807428919e-02
6.441667373345882908e-02
8.980962726025516069e-03
-1.674455270020482750e-02
-5.319991852081441472e-03
1.482712171299014996e-02
-1.718922613362677473e-02
3.408199644679736628e-02
3.410049985360042585e-02
3.422005079016554596e-02
3.423159744386031905e-02
3.184314766625596926e-02
3.272966691780598153e-02
3.409738932583361581e-02
3.316034605249654210e-02
3.422005079016554596e-02
3.430248803639868171e-02
1.421372499139762074e-02
1.462601838952135892e-02
1.450479024890478051e-02
1.446723203021684813e-02
1.172883412658339876e-02
1.335827410090655032e-02
1.425112090138802232e-02
1.455678676849129702e-02
1.450479024890478051e-02
1.390593698707815080e-02
1.822422376102481381e-02
1.769153250352258414e-02
1.773032779302042075e-02
1.769153250352258414e-02
1.508241511300021168e-02
1.635817705334751890e-02
1.746433590221083132e-02
1.742047866633555236e-02
1.769153250352258414e-02
1.718478605861246608e-02
1.728539160776533176e-02
1.717193594264639425e-02
1.717193594264639425e-02
1.717193594264639425e-02
1.705025225451825902e-02
1.719296089422187382e-02
1.722867442954898604e-02
1.717193594264639425e-02
1.717193594264639425e-02
1.662556226224569736e-02
-9.475537337998595280e-03
-9.650492967089569982e-03
-8.635203151468982471e-03
-9.867543171485124165e-03
-8.518203709036270901e-03
-8.746358651547563381e-03
3.118168339916388594e-03
-1.727667686253992613e-02
-2.587324231290282286e-03
1.283963556188980580e-02
-1.510005283926785756e-02
3.159402362767967792e-02
3.314304779157331571e-02
2.177067391135070751e-02
9.631445179596048733e-03
1.374974720247878167e-02
2.993178926672249857e-02
3.178700496810395876e-02
3.169779506691301069e-02
3.164796566121195337e-02
3.148381319086565600e-02
3.131477700537659697e-02
3.161340345782868988e-02
3.149460423548266358e-02
3.164796566121194643e-02
3.139077300316952396e-02
1.238806663238455757e-02
1.449154141776247406e-02
1.463015923160993978e-02
1.463015923160993978e-02
1.444416345661621304e-02
1.427138223643242311e-02
1.463015923160993978e-02
1.456979982459153701e-02
1.459548435155960146e-02
1.463270995654233041e-02
1.429343005439749799e-02
1.598500640060408415e-02
1.598500640060408415e-02
1.598500640060408415e-02
1.582830770482758845e-02
1.582830770482758845e-02
1.594931077047936907e-02
1.593522952156343694e-02
1.598500640060408415e-02
1.598500640060408415e-02
1.695034362744086628e-02
1.703628784132838955e-02
1.703628784132838955e-02
1.700058633001060027e-02
1.703628784132838955e-02
1.703628784132838955e-02
1.703628784132838955e-02
1.703628784132838955e-02
1.703628784132838955e-02
1.703628784132838955e-02
-1.357796523495309084e-02
-1.367943175074170722e-02
-1.351371776560625522e-02
-1.382540742272332646e-02
-1.351371776560625522e-02
-1.380236228511834765e-02
-4.126187684119871357e-01
1.310358275693125109e-02
1.316223563057040691e-01
1.304963786044606722e-01
3.618067758633136122e-01
1.304543113293553658e-01
3.471238906057845242e-01
1.305396930383348197e-01
3.152999557832757982e-01
1.307320975492803072e-01
3.574751369101868970e-01
1.305596473178622097e-01
3.804737009974233919e-01
1.305019649919133551e-01
3.598249366685346562e-01
1.306900551250127773e-01
3.850996916736438291e-01
1.301112763274124839e-01
2.958223627212727136e-01
1.307529709147721153e-01
2.285091027422236909e-02
3.481784552241626862e-01
1.743273703075253478e-01
7.225745341562463120e-02
1.301063672904767543e-01
-4.025583423268688232e-01
1.724666211364790924e-01
3.638780432549632016e-01
3.643752380030156890e-01
3.651000810394661178e-01
3.645499082271416724e-01
3.656025880367067549e-01
3.653760256966021025e-01
3.648247092206107767e-01
3.653261039091552642e-01
3.653261039091552642e-01
3.651000810394661178e-01
3.653261039091553197e-01
2.390523567040936936e-01
2.587765143738665619e-01
3.162070140764078330e-01
3.638158291534467348e-01
3.040443464313642430e-01
3.482284503891300842e-01
3.072936919233347774e-01
3.280781673585726477e-01
3.306899519754253891e-01
3.972156160936950453e-01
2.417095017046435590e-01
1.851705944804801773e-02
4.049502850483527872e-01
4.049502850483527872e-01
4.049502850483527872e-01
4.049502850483527872e-01
2.417831177167340251e-01
2.443110824349632448e-01
2.459209281576844319e-01
2.459209281576844319e-01
2.460345755842587578e-01
2.434021482483833265e-01
2.462688200481808198e-01
2.455429456938948984e-01
2.454494778402619704e-01
2.456200202978071623e-01
2.456484635247109805e-01
2.456102118234823883e-01
2.461384912397928115e-01
2.459307708658563241e-01
2.461757455610136813e-01
2.459521454482248293e-01
3.620703069291441034e-01
3.648745604518042196e-01
3.653261039091553197e-01
3.656025880367067549e-01
3.653760256966021025e-01
3.638780432549632016e-01
3.656025880367067549e-01
3.653760256966021025e-01
3.651000810394661178e-01
3.653261039091552642e-01
3.653760256966021025e-01
3.651000810394661178e-01
3.656025880367067549e-01
3.656025880367067549e-01
3.654682656351243564e-01
3.651000810394661178e-01
1.470155462276716979e-02
-1.262625340539206588e-02
1.293944728142531753e-01
1.279226162707245151e-01
1.282820576629388198e-01
1.285298130634213998e-01
1.286181880827117763e-01
1.286626107119061280e-01
1.279305196796577115e-01
1.283611590142111625e-01
1.286990810859144629e-01
1.291209116219135256e-01
1.306936473690299139e-01
1.318142975403864547e-01
-3.003125630122284451e-02
1.321158639345907659e-01
1.336421586884444512e-01
1.336386261241673534e-01
1.349836748960177579e-01
1.316652166804810897e-01
1.312511750405703503e-01
1.322029097178459289e-01
1.338673969978304013e-01
1.321752172931208447e-01
1.327853169145444545e-01
3.300044962290328288e-01
3.352752248631976073e-01
1.336741502520298955e-02
1.314772017698930540e-01
2.489893711495502759e-01
1.923049457990392425e-02
3.579070984962753887e-01
8.495298007117385586e-02
4.572092927906011572e-02
-4.346618293548550754e-02
4.586723179343407675e-02
-3.604783630635074315e-02
3.937081100676715489e-03
2.234553664529316253e-01
1.250712087945901885e-01
1.613243344218966840e-02
2.389363950292487382e-01
1.356133503234001614e-01
1.191142370000163216e-02
1.150388039534056689e-02
4.909240680016232344e-02
7.617202053582086685e-02
2.136409568143985901e-02
-4.123929809137046321e-01
1.561717964292448080e-01
1.506126216307270005e-01
7.766771320113403931e-02
2.540351839566717604e-02
1.840301083993751627e-02
2.999440503094429056e-02
1.295882937664460596e-02
2.531393598221564137e-02
1.023645110989036822e-02
1.401405285888656337e-02
1.662591326007646295e-02
1.126198388698278034e-02
2.076568156360507865e-03
2.024328377928630990e-02
1.315451229411687857e-02
1.296926674781207281e-02
6.930931549450002407e-03
1.994404695984987666e-02
1.811572721798388949e-02
7.143735449498436751e-03
9.006820761079512364e-03
1.413312436155371096e-02
2.920037406701299701e-02
1.191536445397552851e-02
6.588267249679331979e-03
9.802627944743035060e-03
1.058834019091085127e-02
1.473298450415463055e-02
3.819650426550500605e-03
4.922226297092022890e-03
9.239238736996443352e-03
2.383473461902803001e-02
7.013347867016610053e-03
2.483461225103256523e-03
8.948287418092001205e-03
9.385172368131489487e-03
1.516572412537643168e-02
5.873636786515742947e-03
8.145851929755976162e-03
1.460472871468554597e-02
1.990866367213561805e-02
1.066862745028408603e-02
7.738454356490800067e-03
4.001354638283569597e-03
5.658925948600372277e-03
1.975707509313702134e-02
1.542361906519493578e-02
2.543589163214078283e-02
6.592336732676454085e-03
2.116569219402114968e-02
1.181464342899473524e-02
1.261396403051431858e-02
1.625375753772661039e-02
1.369031631139825018e-02
1.159631640102820778e-02
1.039508089680896315e-02
5.720957017517382115e-03
2.217453681904786936e-02
1.091880034477918197e-02
1.085816007890572435e-02
1.161428925374765990e-02
1.268561222329049609e-02
9.442394370071867035e-03
1.588996861619734399e-02
7.279462435662656557e-03
1.867629009871116588e-02
1.578694468243235435e-02
1.563708692937646957e-02
2.083295086317234895e-02
1.929156214747678247e-02
1.469264738119300216e-02
1.731804266995275524e-02
8.517977613447552665e-03
2.655809194154575698e-02
9.549884539476909129e-02
1.809552605529332614e-02
8.839123472062976328e-02
-1.510888999509541267e-02
-9.597730656600753432e-03
-1.640104401915905286e-02
-1.490893035073079589e-02
-8.943902160395939688e-03
-1.606042135512367880e-02
9.316068243285728634e-02
1.339175061750574013e-02
8.410257451502395343e-02
1.646519284547168227e-02
1.650002228403090604e-02
1.648767511140398004e-02
1.635077974602644826e-02
1.626480341062479587e-02
1.636325247817973019e-02
1.637619016456755283e-02
1.635116797115682141e-02
1.648767511140397657e-02
1.628961558012851848e-02
1.646276474900659065e-02
1.641344142879226295e-02
1.643821470011853567e-02
1.636325247817973019e-02
4.172010522858194542e-02
-6.538887967635850784e-02
-4.123960135987021769e-02
-6.316440022571788437e-02
-1.267600611300041535e-01
-1.216840793000328741e-01
-1.255868954065285925e-01
-1.258512266350363951e-01
-1.271479009944056215e-01
-1.268607098945762623e-01
-1.263617421743592484e-01
-1.259483238220243939e-01
-1.287651904301233829e-01
-1.258465931962159112e-01
-1.258408176410128476e-01
-1.258917159750441717e-01
-1.256346318802807616e-01
-1.267385708116189891e-01
-1.273079035126695180e-01
-1.264035285114405716e-01
-1.259714286726041355e-01
-1.260915827439546555e-01
-1.258604983822203260e-01
-1.261508257301234837e-01
1.284301100507155846e-01
-6.489498426939553644e-02
3.186082458822672020e-02
-3.106975220227894963e-02
3.728023045037433866e-04
-6.944101823701853693e-02
-7.793320534691579315e-02
-5.124189376220553149e-02
-1.543157802878753967e-02
-1.329101564922915979e-01
3.879009818257380033e-04
7.724356773357314750e-03
-1.000576010711139684e-02
-2.760938885384769947e-02
-5.748684905996603867e-02
-8.128226632284514530e-02
-5.225556930915008225e-02
-2.154325150275262363e-02
-3.427730910577516527e-02
3.421318657514808240e-03
-3.033930258842864811e-02
-1.137353757146816920e-02
-3.110553842559127605e-02
-7.395090036461776650e-02
-2.776833498262960484e-02
-6.001633292893528843e-02
-1.176260362590468150e-01
1.008623309393852224e-01
1.029639370618538018e-02
1.200838727617086280e-02
1.403535163921524991e-02
-1.777151770741238479e-01
-1.911022774801049984e-01
-1.911937403071322095e-01
-1.908753680410384956e-01
-1.908459301691426413e-01
-1.908014440680573243e-01
3.912064739969471350e-01
-4.320491155795751909e-02
5.688137224067566639e-02
1.641365274528029314e-02
-4.837302811500403255e-02
2.416290821173455450e-01
7.308638269863575176e-02
6.526636811751880540e-02
3.584670451424307874e-02
4.549797646006523144e-02
6.276183995423730011e-02
5.700027792725805703e-02
5.585487095431038856e-02
5.570062835538064361e-02
7.882411857395958676e-02
6.439486079731640555e-02
6.922616977854179066e-02
6.713119299701407472e-02
6.261328565873401641e-02
6.061116914569859848e-02
5.709393904913513673e-02
5.602705341747994672e-02
9.305069301168464313e-02
8.560315441629513800e-02
5.577061507963978343e-02
5.559984423645657897e-02
5.571270238840698302e-02
5.552904856962469909e-02
5.644924437198228784e-02
5.584281668803646459e-02
5.891337074322668815e-02
5.639056923307249336e-02
6.716603253117160721e-02
6.005789886862442084e-02
7.466467831492935858e-02
6.462924132230526975e-02
6.383692212196981353e-02
6.045149758732387690e-02
5.736538843611293376e-02
5.630142083865333213e-02
5.892414523839925589e-02
5.702338571744754864e-02
5.603683479202437728e-02
5.548467994859172803e-02
6.056220179901560668e-02
5.653806413612222359e-02
-7.331453378531885834e-01
-3.868568842176191985e-02
-3.868184223864506999e-02
-3.868394188324160432e-02
-3.869128296986876214e-02
-3.869270348789381059e-02
-3.869241223478750435e-02
-1.813523030479713763e-02
-2.301461293020557949e-02
-2.022714514040482511e-02
-1.133701229697962540e-02
-9.818934869140325331e-03
-1.021882066751348371e-02
-3.887123929365371433e-02
-3.888121310452911927e-02
-3.887442580682805987e-02
-3.887108189359259058e-02
-3.887077699353798377e-02
-3.888279112104991997e-02
-3.888090821332381569e-02
-3.888001485214410968e-02
-3.888152155813258404e-02
-3.888311748015877561e-02
-3.888001485214410274e-02
-1.979984432372397865e-02
-7.319426230442799275e-01
-1.115792433089600882e-01
-1.115744334998157866e-01
-1.115887224750723855e-01
-1.115863567652779081e-01
-1.116041007787324374e-01
-1.115971403927880218e-01
-2.651817073634937794e-02
-5.273793931864054901e-02
-8.625231585130817280e-02
-3.993242875439086820e-02
-2.573361250697720620e-02
-1.418102075592080069e-02
-2.777427140763040828e-02
-1.113261791086866959e-01
-1.113531047996953877e-01
-1.113161966347709364e-01
-1.113465627977879985e-01
-1.113453640660685001e-01
-1.113616380851255028e-01
-1.113547157008255156e-01
-1.113557834551184844e-01
-1.113579790697796640e-01
-1.113582846974573576e-01
-1.113492418885262125e-01
-5.507182257449109303e-02
-7.095470223597256931e-02
-7.327350481620438227e-01
-7.323815422499783123e-01
-1.050046630538666176e-01
-1.050221942236393147e-01
-1.050256471874863318e-01
-1.050277244934361004e-01
-1.050261793358678308e-01
-1.050146544114496511e-01
-1.050264222533349723e-01
-1.050221539900073192e-01
-1.050263331627853541e-01
-1.050125843547733695e-01
-1.050272943492036176e-01
-1.050202908520544709e-01
-1.050292592719668516e-01
-1.050351857484707330e-01
-1.050498635155940746e-01
-3.513116469999602587e-02
-7.323786023042887505e-01
-1.327868471520622096e-01
-1.327567796461847083e-01
-1.327933484866669622e-01
-1.327821271337213394e-01
-1.327909986304927903e-01
-1.327880010205707562e-01
-1.327978358445733031e-01
-1.327592420066996681e-01
-1.327876241332898444e-01
-3.472421744244386793e-02
-1.963136834313938262e-01
7.330115994377007782e-01
7.305380220470117925e-01
7.317720228374391400e-01
7.302019425563515131e-01
7.219171420869903155e-01
7.317795550339319943e-01
7.305927631982088721e-01
7.303053631657316913e-01
7.306729193646248621e-01
7.307202803288120885e-01
7.307663074912627010e-01
7.303669482500939614e-01
7.303685716023794461e-01
1.104991838407716198e-01
1.106082567576928688e-01
1.104805584695466303e-01
1.105805860691766868e-01
1.105755609519269850e-01
1.106448851510594689e-01
1.106147178355317562e-01
1.106192754479965595e-01
1.106286754548075346e-01
1.106299868581051282e-01
1.105933344721292677e-01
1.048437457049470195e-01
1.049168506436669313e-01
1.049316149926653591e-01
1.049405396668872809e-01
1.049338983106968270e-01
1.048845282019448127e-01
1.049346664353106445e-01
1.049161675361568319e-01
1.049182271488261486e-01
1.048620166284251753e-01
1.049238708820731808e-01
1.048921643570403378e-01
1.049319933549617001e-01
1.049580496461164636e-01
1.049129415737421051e-01
7.297906423401818721e-01
7.299015168478983906e-01
7.335354470675560234e-01
7.335516543282837310e-01
-7.283662292311910980e-01
-7.329332244456601142e-01
-7.332247088499873611e-01
-7.332624584745598417e-01
-7.266323778698537961e-01
-7.303425353740665704e-01
-7.264508719914277712e-01
-7.271202968266906597e-01
-7.260048372468347333e-01
7.216827442521510649e-01
7.303737381131901740e-01
1.487084068421585248e-01
7.011494870196538498e-01
7.009554259051992142e-01
7.007574759036786505e-01
7.008016510963672729e-01
7.006432295468443261e-01
6.960638809870584032e-01
6.875594295194936700e-01
6.834081879537139415e-01
6.856351058312780689e-01
6.791170535895676430e-01
7.007544018237505945e-01
7.003522991694577371e-01
7.323467653761630558e-01
7.310383152797574891e-01
6.965674650250557320e-01
7.324248875298079442e-01
7.323420860947390532e-01
7.292334741509142182e-01
7.326038294447443366e-01
7.324500308578227870e-01
7.329338122817559142e-01
7.333414398331603579e-01
7.332175701863612449e-01
7.328959593249235738e-01
7.296216088977863778e-01
7.300156245967129864e-01
7.295798427595040492e-01
7.297412409204607764e-01
7.299664030404288129e-01
7.302270580934325794e-01
7.299477944473296009e-01
7.302806839486739587e-01
7.283670820543122204e-01
7.284727448903030034e-01
7.284345124424466134e-01
7.282032273458338700e-01
7.313578444517433441e-01
7.311279999937210228e-01
7.311243864840756279e-01
7.311025595231495089e-01
7.310584564678827002e-01
7.286916919559222050e-01
7.250321209326106020e-01
7.298992346961886701e-01
7.308580972026507139e-01
7.301038196696502114e-01
7.312988009083456475e-01
7.317410917297045847e-01
7.302559375005801545e-01
7.300826805075214532e-01
7.313522234524316712e-01
6.990417662367366392e-01
6.986889540202262383e-01
6.971564490285828697e-01
7.293295819578154981e-01
7.242271004471340090e-01
7.257047951171848865e-01
7.260212813635210649e-01
7.230825660950195299e-01
-7.207660669378589402e-01
-7.003552041835875430e-01
-6.997440370370019425e-01
-6.806476648782789907e-01
-6.853957254938014554e-01
-6.805537073778556989e-01
-6.828757613455085362e-01
-6.761809120680556395e-01
-6.999694150245128199e-01
-6.994508970318492613e-01
-7.316907062863576838e-01
-7.296034911133639778e-01
-6.949752818567139778e-01
-7.317002430639236721e-01
-7.316012821256457910e-01
-7.280083345255888849e-01
-7.318836667327118795e-01
-7.319374654077254183e-01
-7.327080019568296132e-01
-7.332623950798784485e-01
-7.330829097535505046e-01
-7.326234727131847313e-01
-7.288960349395091631e-01
-7.291010488300138093e-01
-7.287141452279608522e-01
-7.288963671663264421e-01
-7.292154349074587705e-01
-7.290846907011138134e-01
-7.287723360754649882e-01
-7.294799754404267533e-01
-7.273550169858093994e-01
-7.271335474958244838e-01
-7.271318604662923013e-01
-7.270766559743763180e-01
-7.231696658659980681e-01
-7.269073029743590153e-01
-7.232193085908182884e-01
-7.289438985782354941e-01
-7.300718030669448577e-01
-7.295616305298218141e-01
-7.306759440383436832e-01
-7.319160107340859645e-01
-7.278537092007577591e-01
-6.973081675506591637e-01
-7.223891107882054463e-01
-7.238336052345913929e-01
-7.240567977027271285e-01
-7.209106001666840680e-01
-7.320472412416095809e-01
-7.321810323583023417e-01
-7.314028921023149055e-01
-7.323016351186378836e-01
-7.288346240242137286e-01
-7.322111956721301107e-01
-7.312795070334162650e-01
-2.825952660344742129e-01
-2.825420329319524582e-01
-2.825473900283592132e-01
-2.825824945749920714e-01
-2.821722786914572789e-01
-2.826025070877081213e-01
-5.678505892093690388e-01
-5.680471924752245050e-01
-5.685135665943703565e-01
-9.027991066113974505e-02
-5.681672518324475396e-01
-9.671018737139595867e-02
-5.686975192346828134e-01
-1.012273973045584169e-01
-5.687712569297981302e-01
-8.854756624396691034e-02
-5.684182050135405673e-01
-1.046681556819331615e-01
-5.446079865678598031e-01
-4.111956010644256532e-01
-4.121966482712441371e-01
-4.128730113500211907e-01
-7.326905857757197715e-01
-9.837140670726995939e-02
-9.837154854983776175e-02
6.406272259644040235e-01
7.330142132245429654e-01
2.662859680980625421e-01
6.099304716329407849e-01
7.322077260367597651e-01
7.319831363025898208e-01
7.330920181445222950e-01
7.324123186683735298e-01
7.325053935253972304e-01
6.326902609142364131e-01
6.043508722214590012e-01
6.951038800055903133e-01
7.335231285677319413e-01
7.331766989870706075e-01
7.318133151887479260e-01
7.326534423395273388e-01
7.331174832855306134e-01
7.326068179013325299e-01
7.269172450527885410e-01
7.336283577640236864e-01
7.334291475912164682e-01
-7.326703909668248471e-01
-4.882289320195790649e-01
-4.362111138966116575e-01
-2.673863917272367718e-01
-2.673004228733841803e-01
-1.302160704675489333e-01
-7.429210701457800159e-02
-3.131541030574428452e-01
-2.259395845970796624e-01
-2.153171866696548531e-01
-2.153206489784341426e-01
-2.152950961850412237e-01
-2.123805985522881079e-01
-1.874827194649139606e-01
-1.862177898546640842e-01
-1.874831075218149623e-01
-1.875302279658307425e-01
-1.876521734562964505e-01
-1.875052257480464835e-01
-1.779327879038273275e-01
-1.039055695151243630e-01
-1.040546494275122191e-01
-5.024657242524013800e-02
-6.031400548015164453e-02
-6.840050625653715244e-02
-1.585220049915076479e-01
-1.219187213927291485e-01
-1.054927765401432044e-01
-1.780582615782129730e-01
-7.479187295636499644e-02
-1.781836760235490646e-01
-1.776350412386600575e-01
-1.316125026606367598e-01
-1.126662204186901217e-01
-5.169078657612607292e-02
-1.777595807127933802e-01
-1.780577048405974361e-01
-1.778842096189460487e-01
-1.780826503484954637e-01
-1.500430102909056929e-01
-1.782575595381332145e-01
-1.782575195555714531e-01
-1.782326655717220987e-01
-1.064426603404057953e-01
-1.064065234535518240e-01
-1.982894878928330162e-01
-1.984778954183002986e-01
-1.889365599638265225e-01
-1.893822612935012473e-01
-1.891717640180081983e-01
-1.894782838420866755e-01
-1.896170766931756235e-01
-1.892777846999813274e-01
-1.896055803495640957e-01
-1.983140738386018898e-01
-1.708889730763950010e-01
-1.681319661054210823e-01
-1.704637943981485160e-01
-1.688483527924912464e-01
-1.647680217634986399e-01
-1.705160581652934160e-01
-1.239774802101091394e-01
-1.239006949949910952e-01
-1.240336948332047412e-01
-1.240361092039953678e-01
-1.217055191678725057e-01
-1.708737547072442242e-01
-1.061255448266394674e-01
-1.061500165306344251e-01
-1.061308348854866773e-01
-1.061310523113307841e-01
-1.061494755116337563e-01
-1.061309241416635990e-01
-1.061560502661205441e-01
-1.061564728321377354e-01
-1.061430896448574412e-01
-1.061592984321863137e-01
-1.061591873971405864e-01
-1.061605427841734450e-01
-1.708994140676854401e-01
-9.454399814645274291e-02
-9.453956109812668152e-02
-1.057141625801402973e-01
7.294759543646408551e-01
7.291970539617357305e-01
7.328163814564141454e-01
1.705810474078056083e-01
1.706271136859301152e-01
1.705774051501187383e-01
1.706636814510770761e-01
1.707848922658527779e-01
1.707085293031661843e-01
1.707099793324391990e-01
1.707839662069853270e-01
1.707085293031662121e-01
1.708051908959280496e-01
1.708058420144330514e-01
1.707615479246299972e-01
1.708150651921130914e-01
1.704837308683277708e-01
1.705845944031606776e-01
1.707538200236337067e-01
1.705779195930879621e-01
1.707146277568336590e-01
1.707954757364785470e-01
1.706498066027051230e-01
1.235525145054030133e-01
1.233589549400982838e-01
1.235848926498548800e-01
1.236162621302843989e-01
1.237343237266775864e-01
7.293715003913349149e-01
7.320134113282686927e-01
7.219015412169429990e-02
7.225533793155401729e-02
7.225533793155401729e-02
7.227041872268372136e-02
7.227384687685498021e-02
7.227648960212794405e-02
7.176014992875576204e-02
7.176323582148202984e-02
7.175702902644200132e-02
7.176451786484301654e-02
7.176582730244604469e-02
7.176014992875576204e-02
7.226009916724375481e-02
7.322980795708113888e-01
4.614184737176969808e-02
4.614096477133437096e-02
4.614192041798093752e-02
4.615144350025877223e-02
4.615525135788650646e-02
4.615874242798027882e-02
4.589259436639332723e-02
4.589692222097183777e-02
4.589157780947673154e-02
4.589470574166594485e-02
4.589580078634381000e-02
4.589580078634381000e-02
4.615608674587875354e-02
7.324581370940945746e-01
2.733780532733988758e-02
2.912527448066397698e-02
2.912667414483650560e-02
2.912817349301745004e-02
2.912065176302887706e-02
2.913720345092537384e-02
2.913328041254895778e-02
2.913147553515602756e-02
2.913010923942515804e-02
2.913720345092537384e-02
2.913328041254895778e-02
2.913328041254895778e-02
2.912977359501656843e-02
7.321377074426683729e-01
7.315170834200099281e-02
7.444575777410895878e-02
7.444225183021377368e-02
7.445101929352590520e-02
7.445475037812318564e-02
7.446267052973663814e-02
7.445772478787007764e-02
7.447056795884191005e-02
7.445278312209910321e-02
7.446219160329164977e-02
7.446414275309684583e-02
7.445731014245547674e-02
7.445456913865536319e-02
7.318973920389787446e-01
9.436065523978275082e-02
9.669328644133300121e-02
9.669234550742522583e-02
9.669919161015110010e-02
9.670783000740169888e-02
9.671370399937924411e-02
9.658212630864503045e-02
9.659486632688260577e-02
9.657629219177134294e-02
9.658992475520079835e-02
9.658747656799109016e-02
9.658291007400596206e-02
9.670974459135681101e-02
7.313343136409831136e-01
1.842918889247860126e-01
1.911968173352237566e-01
1.911727793728610902e-01
1.911992864031604455e-01
1.912054725914815456e-01
1.912175806195461070e-01
1.910731983762608277e-01
1.910996554882071485e-01
1.910509166033800554e-01
1.910767935108827198e-01
1.910852259499809525e-01
1.910712147380149994e-01
1.911955154307983240e-01
7.314579154145026685e-01
9.570997178589060739e-02
9.948798596700825225e-02
9.947199499231355879e-02
9.949302062068979269e-02
9.949142012872404239e-02
9.949924953128069793e-02
9.949561567377501747e-02
9.951090460409754701e-02
9.948416927851606861e-02
9.949986079328562716e-02
9.950263835533129653e-02
9.949471262384380899e-02
9.948826604959576381e-02
7.308990449754680929e-01
9.012546980897055693e-02
9.246249032047076932e-02
9.244425969085648398e-02
9.246360035958470225e-02
9.246919542574601192e-02
9.246571771548110774e-02
9.247876530300720710e-02
9.248412765723333651e-02
9.247041070147320185e-02
9.247923675285667222e-02
9.248067029874101896e-02
9.246775023680442462e-02
9.245300713955638405e-02
6.968184504485042119e-01
1.828063695233796970e-01
1.827674017627649306e-01
1.827939687721591711e-01
1.827972021373636402e-01
1.828219467673371235e-01
1.826698893587477557e-01
1.826860383176956981e-01
1.826541941331951135e-01
1.826503641145652557e-01
1.826687268405034481e-01
1.826469518346475474e-01
1.827920245388678366e-01
6.971357714626519320e-01
6.799820977872328420e-01
7.326177704026709536e-01
4.613191377494233608e-02
4.631067724998309126e-02
-7.317339459264641244e-01
-7.321053408700526344e-01
-7.323094501088205366e-01
-7.318629627093298229e-01
-7.315257350191589625e-01
-7.304668766694861759e-01
-7.310267485887597116e-01
-7.304273534994218942e-01
-7.274200839391194995e-01
-7.273611252825036289e-01
-7.324486799928000558e-01
-7.314450738685608355e-01
-7.315422075993376350e-01
-7.299832826452634649e-01
-7.295004409608771834e-01
-7.295015844253145421e-01
-7.245459903647653022e-01
-7.261348039191768411e-01
-7.302353091193359846e-01
-7.309810187414113036e-01
-7.318485045184105475e-01
-7.320815175294462795e-01
-7.310747506014994013e-01
-7.300930446955847808e-01
-7.242724658926642523e-01
-7.290181092529265383e-01
-7.305806934207368375e-01
-7.224533981086392886e-01
-7.213333466364422186e-01
-6.911452458011559108e-02
-6.891340304318072096e-02
-6.894451749273254604e-02
-6.875442252067587301e-02
-6.876286929233545175e-02
-6.877811057948104989e-02
-6.879323628059906548e-02
-6.876647857735161684e-02
-6.879787166213914562e-02
-6.880024234383418091e-02
-6.878016791516360084e-02
-6.880264854177600697e-02
-6.877214280782761868e-02
-2.022521278267120914e-01
-2.025420185177084498e-01
-2.022516813063061081e-01
-2.022835423563020818e-01
-2.019770055860373725e-01
-2.022316870725987814e-01
-2.019897381648733115e-01
-2.020707358188217895e-01
-2.022590155875794438e-01
-2.021408025023235522e-01
-2.020026579705795633e-01
-2.019132834230186191e-01
-2.020461403600136430e-01
-2.061193535709957281e-01
-2.064074567733849286e-01
-2.061240865353314300e-01
-2.059383831885598370e-01
-2.057086508185785589e-01
-2.059615722669253524e-01
-2.057249321244514206e-01
-2.058746499104556205e-01
-2.059196032353286521e-01
-2.058047725813159090e-01
-2.056627318124318038e-01
-2.055793642069293492e-01
-2.057754774807225295e-01
-1.792340402921336062e-01
-1.791052364420033238e-01
-1.791860606173310833e-01
-1.791975856574543613e-01
-1.792936797692156192e-01
-1.792623693902002657e-01
-1.793261545738817075e-01
-1.792018034572267493e-01
-1.791894366722290022e-01
-1.792508344612785687e-01
-1.791692222493424524e-01
-1.793533437394444763e-01
-1.792751854136451217e-01
-8.794006837419683642e-02
-8.789906626548808777e-02
-8.793899012002025228e-02
-8.796211223251335087e-02
-8.795046117797532259e-02
-8.799606269626344957e-02
-8.801604999138241958e-02
-8.796628025412790708e-02
-8.799779519155545571e-02
-8.800309353604318652e-02
-8.795548246953448224e-02
-8.800131057032960225e-02
-8.797354722171055186e-02
7.308831760361703678e-01
4.998533961521696711e-01
4.735275906125214207e-01
4.163046577690683314e-01
4.169586884437739838e-01
1.310650568939917548e-01
1.692790696692277885e-01
4.442577250925378030e-01
3.192061328658635788e-01
2.890875515510978877e-01
2.901406601371257499e-01
2.900367577865629043e-01
2.863718597353678841e-01
2.479396442286178059e-01
2.451189589711086914e-01
2.479392770725664108e-01
2.478265684837710758e-01
2.479394721648706390e-01
2.480516750462864739e-01
2.365518192742573356e-01
1.622469534500598498e-01
1.619252298277554236e-01
8.253755501288007057e-02
6.203329928191581022e-02
6.342499814628513310e-02
2.183194199475967656e-01
1.419744054521012433e-01
1.146175436577021728e-01
2.369617405317049896e-01
1.153096851765809255e-01
2.367874488460504356e-01
2.366108468203644843e-01
1.962239922728448438e-01
1.265030541706319289e-01
6.305664384914932974e-02
2.363183351350824635e-01
2.369036773606105761e-01
2.363180054381127937e-01
2.367285016346998561e-01
2.120509791930351162e-01
2.368441365038188584e-01
2.367272406144902974e-01
2.366102685710926579e-01
1.631920550452566621e-01
1.631122491162883825e-01
2.613217283325186546e-01
2.664772182189693028e-01
2.499557608980176315e-01
2.510414615989139397e-01
2.502648136011331736e-01
2.509324119507505557e-01
2.510804986458145538e-01
2.508191639537757922e-01
2.509536990734841377e-01
2.668009266472550767e-01
2.264049481469810332e-01
2.185692467847797638e-01
2.261089002454953756e-01
2.220338104884773955e-01
2.131521129117845970e-01
2.255023998529053220e-01
1.852609089964980249e-01
1.853959945161078593e-01
1.853949735002378973e-01
1.852552060300833026e-01
1.813225561544798414e-01
2.262929112049869296e-01
1.242334384450162338e-01
1.242640689981301394e-01
1.242264272339844017e-01
1.242330186281997428e-01
1.242462216973640454e-01
1.242191576451344148e-01
1.242559482212327315e-01
1.242544231632519980e-01
1.242483750246173718e-01
1.242627138936773928e-01
1.242644111115905614e-01
1.247669724201131286e-01
2.262921066881831145e-01
8.059194944926152682e-02
8.058809992498346120e-02
1.244542022603438852e-01
-7.280483308819578614e-01
-7.273637633928085044e-01
-2.258231576312929867e-01
-2.259280444743498040e-01
-2.257258798942287925e-01
-2.256758039193654808e-01
-2.257601610773966316e-01
-2.256486618274660405e-01
-2.256738011265696786e-01
-2.257150216924866948e-01
-2.255607083346534980e-01
-2.257382447013317472e-01
-2.257367135423179738e-01
-2.257209106370905993e-01
-2.257569751065790220e-01
-2.255667031520992294e-01
-2.254924349763167968e-01
-2.257084827356655721e-01
-2.255956466074130196e-01
-2.258302862973655678e-01
-2.257884219829872641e-01
-2.258398408637453114e-01
-1.844489391449605498e-01
-1.845806713870552784e-01
-1.846111216331589866e-01
-1.844260316331604588e-01
-1.849455227821452385e-01
-7.274725391959011578e-01
-3.360539678804275732e-01
7.541128908638475292e-02
7.734709575930345804e-02
7.607603401417806221e-02
7.581813093502735856e-02
7.742844540210395976e-02
7.690296446672498232e-02
7.729715981663859425e-02
7.719397996866646239e-02
7.727968640345814211e-02
2.243433512535172591e-01
7.434367821664446263e-02
8.118953518028208804e-02
1.746224784579846201e-01
1.833768190123471198e-01
3.288811074110182253e-01
1.031494871985834255e-01
1.002356301187784932e-01
2.505291300597707882e-01
-7.247611572278454817e-02
-3.186623674521858740e-02
7.219419674832169842e-02
1.517256110216120557e-01
7.620016618934119523e-02
1.599858086516723898e-01
4.918088950510604573e-02
8.889639510937884237e-02
9.125431212977958007e-02
1.345201858031970787e-01
1.814467053501613025e-01
2.018708795843215664e-01
-4.277588437993540826e-01
-3.060282256122253131e-01
-1.036376043962246481e-02
-1.399681436318259142e-02
-7.782493791504854416e-03
5.449717520504404611e-02
-2.094149766312994841e-04
-2.289986619044024063e-01
-1.480145085786314929e-01
6.088511223583343429e-02
-2.025000353759881244e-01
3.190224979198969663e-02
-7.504544043694136995e-03
2.758441208884356791e-03
8.565380642165287828e-02
6.137853890708861240e-03
3.086465514605780600e-02
-1.699810980797249182e-02
-1.746652313879912613e-02
-1.677710261759337435e-02
-1.686588606408697191e-02
-1.761822472681966525e-02
-1.718020396400940161e-02
-1.735382815875522941e-02
-1.655150629344997668e-02
2.471882662080739437e-02
1.810969429276801379e-02
7.940539781775746500e-03
1.347801012837347712e-02
1.146420147664514028e-02
2.120944783061592259e-02
8.415148171987981915e-03
3.242718506770227160e-02
3.776292991085372641e-02
4.267576408068803062e-02
-2.330518761984068897e-03
-2.999059917417417850e-04
1.294412990174887606e-03
6.770063664354081289e-04
2.529668742465976828e-03
1.240775730167426472e-03
2.575438898233215011e-03
3.309318255981774735e-03
-2.177364131914408859e-03
4.036517020574757059e-02
4.990300805901469287e-03
2.862190763806613664e-02
7.288615144189922734e-01
7.191141141488518462e-01
2.111343864810065196e-01
-2.536261828383982730e-01
6.252134257194042876e-04
-4.108182313786796769e-01
6.291902065207528004e-03
9.419508314213283218e-02
-1.443969292276652341e-02
-2.806780220149390770e-01
7.433614503086020389e-04
-4.148219159666940992e-01
1.083528988685583975e-03
5.576167153621320871e-01
-5.766847074972264453e-02
-4.474067403572750713e-03
1.246606081849213274e-02
-5.055760874539265079e-03
2.496553236529451547e-02
-4.779428703849286642e-03
2.118225101301875538e-02
-3.401556541307599029e-03
1.955216548996904780e-02
-1.233570707670489722e-02
-9.554590893357065582e-04
-1.573631541560761155e-02
9.602893840294739539e-03
1.332257160550887574e-02
3.303437303901322064e-01
4.437026144411330975e-02
-1.007526145563841791e-01
3.172929483238046133e-02
-1.636374881768390063e-02
-2.065034689393791673e-02
-1.864730003598372848e-02
-2.518719285560767907e-02
-8.135284414470794062e-03
3.273914590276825326e-02
3.710912137796831128e-02
3.587192501983035853e-02
-1.394452650890418977e-01
1.242580808265974918e-01
-4.077680258299466731e-02
-1.348483980843492580e-01
-1.252876629929427221e-01
-4.250355480711835027e-02
-4.232691476235905803e-02
-4.233156759307066253e-02
-4.232493541211546778e-02
-4.214736541952891768e-02
1.738785626631038084e-01
-2.900831856863200081e-02
-1.273112154204050495e-01
-1.053226720090016770e-02
-2.202215391174580303e-02
-1.793235790848296193e-02
-6.665150167411269637e-03
-2.489379069855142401e-02
-1.401462241776406659e-01
-1.350582806519070589e-01
2.043189038512802091e-02
-9.922505736688583267e-02
-6.016530833905248121e-02
-4.001354638283665874e-03
-4.001354638283665874e-03
-1.093296579269636276e-02
1.351667044387215855e-01
-1.636242719272771456e-02
-1.151871794553571415e-01
3.529078274016493599e-02
-5.921831452364310737e-03
5.957758589112632092e-02
6.293251579177419064e-01
-3.494005545164038384e-01
-6.458111058481017519e-01
-1.004214150276965534e-01
-1.004324810663921597e-01
-8.732280495573284396e-02
-8.732298757814832557e-02
-8.732298125742563033e-02
-8.732276494101441633e-02
-8.732295642051922380e-02
-8.732255626830728867e-02
6.362107143112909202e-02
5.596200169044414363e-02
-4.709130813578624175e-01
-4.644308052183714342e-01
5.652498899779003771e-01
-1.711335520994301980e-03
5.602527049918419877e-01
6.375425729007799802e-01
5.198866741196500607e-01
4.998199018668212368e-01
6.303984229622980884e-01
6.343276689219606856e-02
6.452750332389534105e-01
-2.898831971625926568e-02
-1.131928731210470572e-02
-5.979292585055122622e-01
1.030013416832997186e-01
-5.465644162665037054e-02
-9.696353817228081651e-02
-9.611737488005606816e-03
1.770995131751792462e-01
6.559197774698777295e-01
5.035337948523438412e-01
4.672338206295370000e-01
4.584634643312656133e-01
-1.751510372067251464e-01
-8.298283431847046365e-02
-8.288869126663972464e-02
-8.271783358294311495e-02
-2.473597738911504501e-02
-2.528609087407617251e-01
-2.508374432602655801e-01
-4.964618190470090342e-01
8.421452159985394134e-03
-3.639473523103533559e-01
-3.826789105061733642e-01
-3.832639326574752148e-01
-3.797524913906509259e-01
2.977599791862569831e-02
-4.205105974652643130e-01
-4.202756898640296335e-01
-3.829847299814079231e-01
-7.313678105093079918e-02
-1.657209099054378076e-01
-5.446327334006203363e-02
-5.453001953022732634e-02
-5.539674609976234787e-02
-3.828657844682658018e-01
-3.834109470594890268e-01
-3.819972993094243319e-01
-3.695790256101053606e-01
-3.151290280069161676e-01
-3.818843567925091498e-01
-3.372938484453669727e-01
-3.671571720137469241e-01
-3.716125958390647521e-01
-2.453807075645630109e-01
-2.392349653033653822e-01
-2.282631930690942057e-01
-3.832464950542454063e-01
-3.832281515981157960e-01
-4.712345659412176535e-01
-4.643577834290642525e-01
-4.642956000618215784e-01
-7.335360021909309580e-01
-7.336815042824873512e-01
-7.336433059088208752e-01
-3.516893912012648501e-05
3.421463591058602691e-03
3.044323711303479479e-03
2.140060757718572626e-01
4.130890196925668389e-03
4.679685678076447690e-03
